77
207
239
232
234
123
158
390
293
58
77
231
48
189
123
293
67
58
390
158
48
239
6
406
123
234
390
58
158
67
34
389
77
406
123
67
293
234
58
390
77
207
156
189
158
67
234
123
293
58
122
189
48
406
234
293
58
123
158
390
48
207
34
189
234
293
58
123
390
158
156
232
406
48
67
293
58
158
390
234
122
232
34
406
293
390
158
58
67
234
34
122
189
207
293
58
158
67
390
123
239
122
189
34
67
58
390
158
234
123
77
389
189
6
123
58
293
390
67
234
122
389
207
77
293
390
58
234
67
123
122
156
207
239
293
58
234
123
67
158
231
34
122
48
123
293
234
390
58
158
231
389
34
48
390
67
58
123
158
293
232
156
122
34
293
234
390
58
158
67
34
389
207
239
123
158
293
67
58
390
6
48
239
156
67
390
234
123
58
293
189
122
156
239
67
123
58
234
293
158
156
239
207
48
234
390
158
123
58
293
6
189
239
122
390
58
67
234
158
293
77
406
231
313
58
67
158
123
390
234
156
207
122
406
67
158
234
58
390
123
406
189
77
122
158
58
390
67
234
123
122
313
6
389
390
158
58
293
67
123
122
313
232
6
123
390
158
293
58
67
313
34
189
207
123
293
234
58
390
158
34
231
6
239
390
234
158
58
67
293
232
231
389
406
234
158
58
390
293
67
406
313
48
207
293
234
58
390
67
123
156
313
406
48
390
158
123
293
58
67
156
207
48
122
123
390
158
67
234
58
313
122
189
34
390
234
58
123
158
67
77
389
156
406
158
123
390
67
234
58
389
122
231
48
123
67
158
234
390
58
313
189
6
207
390
234
123
293
158
58
313
207
6
406
293
234
390
158
58
67
48
239
231
77
58
234
158
390
67
123
189
34
122
389
123
158
293
67
390
234
156
207
34
239
390
123
67
293
58
234
239
48
122
232
293
234
123
58
390
158
232
231
389
313
293
123
58
67
158
234
156
232
406
313
158
390
67
58
123
293
6
313
406
189
390
293
158
234
123
58
34
406
189
232
67
158
293
390
123
234
313
77
232
231
67
293
234
123
158
390
406
207
239
189
123
293
58
234
390
158
48
122
389
156
58
234
67
390
293
158
156
389
231
6
123
67
58
158
293
390