271
122
132
69
566
109
155
127
76
83
183
375
404
208
92
70
159
73
383
264
132
276
283
728
271
379
163
81
76
28
1
208
92
264
380
70
383
73
375
183
28
283
161
163
284
566
271
69
132
81
404
375
73
1
264
208
383
159
70
92
83
273
163
76
276
379
28
132
69
93
1
375
404
73
383
208
380
183
92
264
81
197
77
273
93
616
284
728
85
161
404
70
159
73
183
264
380
383
208
375
127
284
379
83
276
76
616
77
271
158
375
183
380
70
159
264
383
92
1
404
127
379
81
277
566
197
276
284
728
83
70
1
264
375
383
183
73
92
208
404
276
197
76
273
99
116
379
283
85
163
183
92
383
73
404
208
264
70
159
380
85
93
163
132
69
616
161
273
83
28
404
73
70
264
92
183
375
380
208
159
161
271
132
277
158
109
163
127
276
197
375
159
383
1
92
380
404
70
183
73
158
276
77
161
93
69
197
155
122
283
1
375
208
383
159
70
183
264
380
404
116
273
93
83
122
76
155
69
566
284
375
1
383
380
264
92
73
183
70
208
93
81
69
116
616
277
161
99
83
283
92
380
70
264
208
375
73
404
383
159
283
163
127
379
277
158
273
116
77
81
92
208
383
183
264
380
375
73
404
70
132
69
163
122
284
76
28
116
161
273
159
1
375
183
208
404
92
70
264
73
158
127
93
197
277
283
616
77
76
379
208
383
264
92
1
73
404
159
375
70
728
28
85
276
379
284
122
116
93
566
383
264
73
92
70
1
159
404
183
375
83
28
161
69
109
566
127
85
76
273
73
383
183
70
264
159
208
404
1
92
379
76
158
616
273
77
85
99
83
284
70
375
159
73
208
92
264
1
383
404
283
127
77
76
81
85
99
566
155
93
380
70
264
183
383
92
1
375
404
73
379
271
69
77
122
93
276
161
81
83
183
1
264
375
383
208
70
73
380
92
566
99
81
277
83
379
69
271
197
155
380
73
264
70
383
375
1
159
208
404
69
155
77
163
122
116
76
271
277
284
73
380
404
383
183
1
264
375
92
159
132
197
127
116
85
161
155
76
379
99
264
73
208
183
404
159
92
1
70
375
99
155
77
116
197
379
28
93
283
566
375
380
383
159
264
92
1
208
70
73
122
616
127
379
271
77
28
76
69
276
92
383
375
404
183
208
159
1
380
70
277
28
109
158
161
122
76
116
284
83
375
159
1
208
404
70
183
73
383
264
81
99
616
116
163
271
155
728
93
276
1
383
183
208
73
264
375
70
380
404
566
158
127
277
28
271
93
284
155
161
159
92
183
375
70
380
383
73
264
404
277
284
276
379
99
158
77
109
132
28
264
1
375
383
208
73
183
404
92
70
122
158
161
116
566
283
76
127
109
163
183
264
92
208
159
1
375
383
380
70
616
77
276
155
99
163
284
76
277
158
70
73
383
183
92
208
375
159
404
264
566
122
155
81
197
109
77
69
277
28
159
183
208
92
70
73
264
375
1
383
127
283
155
93
566
616
122
276
163
28
264
404
73
92
375
70
1
159
380
383
161
616
28
127
81
276
109
283
163
284
1
383
92
159
70
183
404
375
208
73
284
158
99
197
127
163
28
283
276
76
208
92
183
383
264
375
380
73
404
1
155
271
28
85
161
158
283
163
284
127
183
264
404
208
159
73
383
92
375
380
93
85
276
81
277
273
158
122
69
271
404
383
70
208
380
73
183
92
159
264
163
76
379
277
77
276
116
83
284
155
375
183
73
92
1
380
404
70
264
208
155
276
284
158
379
83
85
197
728
161
70
73
1
404
208
264
380
375
92
183
273
728
283
116
77
566
83
81
155
76
264
183
375
208
380
1
73
92
159
404
77
728
93
155
132
283
277
616
379
109
159
383
92
264
208
1
404
183
375
380
616
271
197
276
161
76
379
93
116
158
404
375
208
70
73
183
380
264
92
1
83
566
122
728
271
81
155
283
161
99
70
208
1
380
73
383
375
92
404
183
85
28
273
158
161
283
566
116
109
277
208
159
70
1
92
183
380
375
264
404
77
284
69
728
109
127
76
379
116
158
264
73
383
159
404
70
92
208
1
183
93
99
109
116
81
283
155
85
163
276
159
380
92
375
183
70
264
383
404
208
155
197
116
109
616
566
83
69
81
76
380
92
208
73
70
375
1
383
183
404
81
163
109
85
76
161
127
155
77
122
404
183
1
375
159
264
70
73
383
380
77
83
616
271
28
99
728
158
197
379
264
380
404
92
183
73
208
375
1
383