266
220
285
152
138
921
419
171
616
125
532
158
365
1713
294
1082
159
307
789
1084
59
608
266
285
419
930
660
138
1030
232
294
159
307
1082
789
1084
1713
532
1705
412
231
220
52
1172
660
644
1160
608
476
155
1084
1713
365
294
412
307
789
1705
532
158
232
660
152
921
1160
930
266
1172
51
52
158
1084
532
365
1082
307
294
412
1705
159
171
231
1172
138
616
1030
155
59
1093
220
789
1084
158
365
532
412
294
159
1713
1705
232
171
285
921
930
616
1172
130
51
419
412
294
1084
158
307
1082
789
1713
532
365
231
232
52
125
51
1160
171
921
401
608
412
158
532
159
307
365
1084
1705
1713
789
232
266
171
616
152
979
52
59
930
476
1082
1713
789
1705
294
365
159
1084
532
412
419
1160
1030
921
300
266
979
171
155
930
412
1705
159
789
532
365
1082
294
1084
158
660
125
266
130
152
979
52
59
1093
1160
158
412
159
789
294
532
1082
365
1084
1713
51
476
138
1093
171
300
401
152
52
1030
412
158
294
1082
159
1084
1713
789
307
365
644
401
171
266
130
231
419
1160
1030
51
1713
307
159
158
532
412
294
1705
789
365
1093
300
644
266
921
171
660
220
476
59
307
412
1705
1084
158
532
159
789
365
1713
979
401
608
125
1093
266
611
152
232
155
1705
1713
1084
789
159
365
294
412
1082
532
979
644
59
171
125
231
266
476
300
660
158
159
1705
412
1084
1082
365
789
307
294
171
660
608
232
921
285
930
155
401
1172
159
532
365
1713
158
789
412
1084
1082
294
152
52
51
1093
266
59
930
231
130
1172
1705
412
365
158
1084
294
159
1082
1713
307
125
59
1093
616
921
660
220
130
608
1030
159
365
1084
158
1082
1705
532
789
1713
412
616
1093
608
644
51
130
220
419
930
232
159
532
412
1705
1082
307
1713
294
365
789
138
59
231
232
419
1093
220
285
1030
171
294
365
1082
158
1713
789
412
1705
1084
159
660
155
51
419
125
231
220
644
608
1160
1082
1084
159
158
789
1705
365
412
1713
532
608
300
266
930
155
138
130
401
1172
921
307
412
159
1713
1082
1084
365
158
532
1705
979
171
930
59
220
1093
608
285
1172
921
294
412
1705
789
1084
158
532
159
1713
1082
476
130
125
231
220
611
660
1160
300
1093
307
1082
158
1084
412
789
1713
1705
159
365
300
232
979
1030
660
125
644
285
266
152
1705
158
1082
1713
1084
532
307
789
365
412
300
171
476
1172
616
52
608
138
1160
644
1713
158
1082
294
365
532
789
159
1705
307
231
401
285
130
52
419
300
232
979
138
158
1705
365
412
789
1084
294
159
1082
307
1093
1160
921
130
125
220
476
232
155
608
532
412
1084
294
365
1705
307
159
1082
158
930
138
1172
476
1030
51
979
130
266
921
412
532
1705
789
1713
159
307
365
158
294
1160
401
616
930
608
130
921
59
476
419
1705
159
307
1713
294
532
412
158
365
1082
608
59
476
232
1030
125
130
300
152
660
412
159
294
1084
532
365
1705
789
1082
158
979
1093
660
220
616
419
644
171
300
155
365
412
1084
1713
532
158
307
294
1082
789
660
1160
59
1030
130
125
1093
285
266
1172
1082
1705
1084
294
158
412
159
307
365
789
476
130
152
419
401
220
1030
979
1172
231
412
294
159
365
1082
158
532
1705
1713
307
1160
921
419
1093
220
300
616
660
608
59
532
1082
294
158
1713
159
1084
789
412
307
138
130
608
979
1030
152
1160
266
285
59
1705
1084
159
412
294
307
789
532
1713
158
476
59
155
220
125
930
52
401
1172
644
294
307
1705
1713
1082
412
365
158
532
1084
660
266
220
608
616
476
125
930
979
401
1084
789
159
294
532
1705
365
1713
307
412
59
51
220
1160
921
401
644
285
171
1093
294
532
158
365
1705
1082
1713
159
1084
307
419
232
300
152
644
1030
59
171
1093
52
789
307
365
1713
1082
158
532
1084
294
412
220
138
52
266
285
930
232
611
921
644
532
1713
365
1084
307
412
1082
158
1705
294
1172
1093
979
616
1160
138
155
232
608
611
1084
789
365
1713
412
1082
158
1705
159
294
644
608
231
125
930
52
138
232
171
660
158
1084
1713
294
159
532
307
1705
365
412
930
476
1172
300
138
232
125
616
979
266
789
1705
1713
158
1084
307
365
1082
532
159
401
1093
300
138
231
232
125
1160
266
611
1082
307
159
158
532
1705
365
1084
294
1713
616
171
231
979
266
232
608
401
1160
1172
1705
1082
1084
158
532
159
365
412
789
294
300
1160
1030
125
285
476
401
232
266
171
158
532
307
1082
1705
412
365
1084
789
1713
616
220
419
130
266
300
51
59
138
171
365
1705
412
294
1713
1082
158
1084
532
789
231
1030
611
155
51
930
476
1172
300
616
1082
412
1713
365
789
307
159
294
1084
532
616
1160
476
1172
138
52
130
979
1030
125
789
1082
158
307
159
1705
365
1713
412
294