70
1
39
77
87
75
90
25
96
23
70
1
39
77
87
75
90
25
96
23
70
1
39
77
87
75
90
25
96
23
70
1
39
77
87
75
90
25
96
23
70
1
39
77
87
75
90
25
96
23
70
1
39
77
87
75
90
25
96
23
70
1
39
77
87
75
90
25
96
23
70
1
39
77
87
75
90
25
96
23
70
1
39
77
87
75
90
25
96
23
70
1
39
77
87
75
90
25
96
23
70
1
39
77
87
75
90
25
96
23
70
1
39
77
87
75
90
25
96
23
70
1
39
77
87
75
90
25
96
23
70
1
39
77
87
75
90
25
96
23
70
1
39
77
87
75
90
25
96
23
70
1
39
77
87
75
90
25
96
23
70
1
39
77
87
75
90
25
96
23
70
1
39
77
87
75
90
25
96
23
70
1
39
77
87
75
90
25
96
23
70
1
39
77
87
75
90
25
96
23
70
1
39
77
87
75
90
25
96
23
70
1
39
77
87
75
90
25
96
23
70
1
39
77
87
75
90
25
96
23
70
1
39
77
87
75
90
25
96
23
70
1
39
77
87
75
90
25
96
23
70
1
39
77
87
75
90
25
96
23
70
1
39
77
87
75
90
25
96
23
70
1
39
77
87
75
90
25
96
23
70
1
39
77
87
75
90
25
96
23
70
1
39
77
87
75
90
25
96
23
70
1
39
77
87
75
90
25
96
23
70
1
39
77
87
75
90
25
96
23
70
1
39
77
87
75
90
25
96
23
70
1
39
77
87
75
90
25
96
23
70
1
39
77
87
75
90
25
96
23
70
1
39
77
87
75
90
25
96
23
70
1
39
77
87
75
90
25
96
23
70
1
39
77
87
75
90
25
96
23
70
1
39
77
87
75
90
25
96
23
70
1
39
77
87
75
90
25
96
23
70
1
39
77
87
75
90
25
96
23
70
1
39
77
87
75
90
25
96
23
70
1
39
77
87
75
90
25
96
23
70
1
39
77
87
75
90
25
96
23
70
1
39
77
87
75
90
25
96
23
70
1
39
77
87
75
90
25
96
23
70
1
39
77
87
75
90
25
96
23
70
1
39
77
87
75
90
25
96
23
70
1
39
77
87
75
90
25
96
23
70
1
39
77
87
75
90
25
96
23