605
2024
66
710
368
2015
499
369
36
610
2015
432
36
801
499
504
609
368
373
4
446
369
710
432
35
733
2015
36
499
609
2024
368
883
499
35
66
605
369
504
609
499
883
368
610
504
432
369
35
2015
36
499
432
35
609
733
610
2024
369
2015
4
35
733
369
499
36
4
883
605
710
66
499
373
609
610
801
35
2024
36
883
369
504
2024
432
609
35
446
883
610
2015
369
733
610
36
373
368
4
446
609
369
66
373
801
499
36
35
66
609
610
4
2024
504
368
2015
432
609
733
66
373
801
499
66
446
368
801
883
36
432
2024
605
373
801
2015
373
432
2024
446
66
710
35
883
2024
4
373
883
504
66
369
2015
710
35
369
432
499
504
66
35
801
4
2024
2015
610
2024
883
2015
733
66
605
499
369
373
368
66
373
605
432
710
499
733
610
369
2024
35
446
66
610
733
36
368
2015
4
432
369
504
2024
801
605
499
368
883
35
2015
710
66
609
373
432
610
2024
4
883
446
883
66
504
605
610
733
710
35
609
66
801
609
2015
710
35
605
499
504
4
35
66
733
2015
446
609
883
368
610
605
2015
446
35
369
710
499
801
2024
368
504
35
2024
504
66
610
4
883
733
801
499
36
609
883
2024
801
2015
35
605
368
733
733
373
2015
710
446
36
499
504
605
801
801
446
883
369
2015
605
368
710
609
432
36
609
610
710
2015
504
66
801
605
733
2024
883
609
710
373
369
605
733
610
801
4
2015
499
368
733
2024
609
36
504
710
2024
605
499
369
373
446
610
733
609
36
2015
4
66
504
605
733
2024
801
369
368
373
733
368
710
609
801
883
2015
2024
610
610
66
504
4
609
373
35
2015
369
801
368
35
432
610
733
4
883
36
605
609
609
368
499
883
504
801
35
66
710
369
883
432
605
369
446
36
733
504
4
609
2015
36
801
2024
446
504
369
368
605
733
504
4
605
2024
499
801
368
609
35
610
2024
35
36
432
499
66
4
373
368
733
66
432
710
373
801
446
610
605
2024
504
610
883
4
2024
801
710
609
605
499
373
66
610
373
36
446
2024
369
368
2015
35
2015
4
733
35
432
883
36
605
610
368
883
432
369
733
368
446
2024
35
373
504
883
36
373
4
35
710
66
504
801
499
373
66
733
446
35
36
883
605
609
504
801
499
4
368
610
2015
2024
373
36
504