131
109
164
937
935
135
110
363
1467
127
131
104
1465
1467
935
324
363
932
127
1469
109
164
104
949
329
909
135
935
1469
1467
104
131
1465
1474
324
937
127
949
1469
329
164
104
364
932
110
935
1469
127
937
128
1465
109
524
128
127
1474
909
935
937
329
607
364
140
949
128
1467
909
127
324
932
1465
364
524
1467
937
135
949
1474
363
1469
1057
140
104
1474
949
937
128
135
1467
363
364
140
1465
935
909
329
110
932
363
1474
109
524
140
949
1467
1474
329
135
363
935
1465
520
104
935
949
329
937
1474
127
1469
1057
1465
109
329
932
363
937
949
1474
935
164
1057
109
127
110
135
1467
128
1469
1474
104
140
164
909
935
127
128
110
324
135
140
524
1465
128
1474
127
909
329
949
135
520
1057
104
949
1474
128
937
932
1467
110
131
524
109
949
135
1474
935
937
932
128
109
364
1465
329
1467
127
110
909
932
937
104
131
520
329
128
127
935
363
110
1467
1057
364
131
127
329
932
128
1467
135
937
524
164
104
1469
1474
324
363
1467
127
128
164
1465
104
110
127
937
1469
1467
935
329
109
1057
164
324
110
932
1469
909
1474
329
364
109
104
1469
932
1474
1467
329
363
909
607
1465
520
932
127
909
128
363
135
949
131
364
520
1469
909
937
329
127
324
949
140
524
164
937
363
110
932
949
909
324
109
607
131
1469
363
110
324
1474
935
329
104
607
524
1474
937
127
128
324
932
1467
131
1465
140
909
110
127
932
937
329
1474
140
364
164
1474
932
110
949
1469
128
324
164
1057
104
128
324
935
1469
937
932
329
524
364
104
935
110
1474
932
128
1469
1467
131
109
140
363
935
1474
324
932
127
949
1057
104
1465
932
1469
110
135
363
128
937
524
104
109
128
932
363
909
937
324
135
607
109
520
363
127
329
937
1467
1474
932
524
520
131
935
329
1467
1469
363
135
932
164
524
140
363
909
127
1469
110
932
949
140
364
164
1467
1469
110
937
932
128
909
1057
520
104
324
127
329
1474
935
949
110
164
1057
140
1467
1469
937
1474
128
935
110
140
131
364
127
937
135
110
329
128
1474
364
524
109
135
324
949
329
1469
935
909
131
520
524
1474
949
324
363
128
932
909
1057
104
364
949
110
1469
127
1467
324
1474
140
104
520
127
949
363
1474
1469
932
329
607
164
524
363
949
1474
127
329
935
324
524
520
140
110
909
949
135
935
1467
932