184
164
73
55
135
896
70
681
212
171
139
141
56
164
135
896
70
681
184
212
56
212
68
171
135
896
70
681
141
391
391
68
139
212
135
896
70
681
56
60
54
56
391
184
135
896
70
681
134
139
184
54
56
68
135
896
70
681
666
164
164
73
666
60
135
896
70
681
139
141
60
391
212
134
135
896
70
681
141
666
141
171
68
60
135
896
70
681
164
56
171
139
141
60
135
896
70
681
54
56
56
68
666
164
135
896
70
681
54
134
60
212
139
141
135
896
70
681
56
73
212
184
134
164
135
896
70
681
60
73
54
73
141
68
135
896
70
681
184
666
391
56
55
212
135
896
70
681
666
141
184
134
171
73
135
896
70
681
212
55
391
666
184
55
135
896
70
681
164
56
55
212
73
666
135
896
70
681
164
134
60
73
184
139
135
896
70
681
56
391
55
212
666
54
135
896
70
681
391
171
134
139
164
56
135
896
70
681
54
666
73
54
184
134
135
896
70
681
171
164
54
391
184
56
135
896
70
681
164
141
55
164
68
666
135
896
70
681
54
391
184
139
171
666
135
896
70
681
164
68
55
139
60
666
135
896
70
681
171
141
134
60
56
141
135
896
70
681
212
139
171
184
212
141
135
896
70
681
54
55
54
666
134
164
135
896
70
681
212
141
73
141
666
60
135
896
70
681
56
171
139
171
184
60
135
896
70
681
212
164
68
73
666
55
135
896
70
681
54
164
55
391
164
184
135
896
70
681
139
60
56
68
73
54
135
896
70
681
171
139
139
212
666
134
135
896
70
681
68
55
73
55
171
54
135
896
70
681
212
56
60
56
55
141
135
896
70
681
68
139
171
391
666
141
135
896
70
681
60
68
60
73
666
134
135
896
70
681
68
54
141
60
56
171
135
896
70
681
184
68
141
139
164
54
135
896
70
681
56
666
139
73
60
212
135
896
70
681
134
391
391
212
141
134
135
896
70
681
56
171
139
68
171
164
135
896
70
681
212
184
139
54
73
164
135
896
70
681
68
134
391
164
55
171
135
896
70
681
184
60
55
60
73
666
135
896
70
681
212
56
171
141
68
666
135
896
70
681
54
139
666
171
212
54
135
896
70
681
56
134
139
134
184
56
135
896
70
681
164
141