77
1
64
90
215
20
70
87
39
75
70
39
215
20
64
90
77
87
1
75
64
20
70
87
77
75
39
215
90
1
39
215
87
20
90
1
64
70
77
75
87
77
70
90
64
215
75
39
20
1
215
70
75
20
77
90
39
64
87
1
1
87
215
77
90
64
39
75
70
20
70
77
20
64
215
1
39
90
75
87
70
215
77
75
64
1
20
39
87
90
64
90
20
1
39
87
215
70
77
75
215
64
1
90
75
20
39
87
77
70
70
64
215
1
75
39
90
87
20
77
90
75
20
39
77
70
1
87
215
64
87
20
1
70
90
64
215
39
75
77
1
87
90
39
77
215
64
75
70
20
87
75
1
64
20
215
70
39
90
77
39
70
20
90
87
64
77
215
75
1
1
87
90
39
70
64
75
77
20
215
70
64
215
39
87
1
20
90
75
77
215
87
64
70
90
20
77
75
1
39
215
75
1
39
87
90
77
20
64
70
70
1
75
87
20
64
39
215
77
90
90
70
1
87
75
39
64
20
215
77
75
64
87
70
39
1
90
77
215
20
39
215
70
20
77
87
64
75
1
90
1
90
39
77
215
75
64
20
70
87
90
20
215
70
39
75
1
77
87
64
1
77
75
87
20
39
70
90
215
64
77
87
70
1
215
20
39
90
64
75
1
39
87
64
70
20
75
77
215
90
87
70
20
64
215
77
75
90
1
39
70
87
77
90
64
75
215
20
1
39
77
39
70
64
215
90
75
87
1
20
75
87
1
64
39
20
70
90
215
77
87
20
64
75
39
90
215
1
77
70
87
39
75
90
215
70
64
1
20
77
90
75
77
1
70
20
64
87
215
39
20
75
87
90
39
77
64
1
70
215
215
75
77
87
1
39
64
90
20
70
215
64
87
70
39
20
1
77
90
75
1
75
70
90
39
87
77
215
64
20
64
215
75
39
70
87
1
20
77
90
39
215
90
64
75
70
20
1
87
77
20
90
77
64
75
1
215
70
39
87
87
77
90
75
70
1
39
215
64
20
215
39
20
70
87
77
90
75
64
1
1
20
90
77
70
39
64
215
75
87
87
90
77
1
20
64
215
75
70
39
75
87
70
215
39
90
64
1
77
20
20
1
87
70
77
90
215
39
75
64