39
2
202
5
40
201
159
6
59
273
3
24
1
93
81
99
2
159
5
80
202
11
105
245
58
131
3
105
93
245
202
5
273
6
1
286
93
201
59
180
202
131
81
24
40
286
1
245
99
131
273
6
59
58
105
81
3
93
5
245
81
93
159
245
180
1
201
286
40
105
99
80
202
201
2
273
24
3
1
159
286
99
80
180
93
273
159
59
201
80
24
58
99
105
202
40
1
99
2
81
58
93
245
202
105
24
3
5
5
99
80
11
24
3
273
81
39
105
180
59
180
81
273
286
245
3
58
40
1
99
201
80
2
6
11
99
201
40
59
245
1
273
3
105
286
159
131
105
58
80
93
6
245
81
273
202
159
131
180
1
80
40
201
39
11
245
81
273
80
105
201
99
59
81
93
39
273
180
6
3
201
286
245
58
99
59
6
1
131
11
81
180
5
273
39
40
1
201
59
24
81
286
245
99
99
58
105
40
6
3
24
245
202
1
159
5
6
245
3
273
99
180
1
131
81
159
80
40
80
245
202
201
286
273
131
1
93
5
40
58
39
202
5
24
1
6
58
81
99
105
11
131
99
58
40
105
81
286
2
80
159
180
93
11
202
1
2
159
59
40
99
39
105
201
6
11
1
273
39
80
131
105
245
286
201
5
2
59
202
105
6
93
159
99
180
39
245
58
11
286
58
80
1
11
40
59
180
3
39
273
24
81
273
58
5
99
81
105
80
93
201
3
131
159
245
80
99
131
2
159
39
58
93
180
59
3
273
201
286
245
3
11
99
180
40
5
159
93
286
81
6
58
245
1
105
59
11
159
99
201
180
201
202
80
24
58
2
105
286
39
3
93
59
93
159
245
2
39
202
201
24
180
5
131
11
6
131
273
3
80
245
2
1
5
93
99
1
202
201
80
6
40
273
81
105
39
159
5
202
80
273
6
1
40
131
105
180
59
201
11
80
105
180
2
39
99
40
1
202
93
3
201
81
3
59
39
1
159
286
6
5
202
99
131
11
81
80
6
1
201
59
5
131
105
58
3
80
11
99
40
286
1
273
202
131
5
93
3
93
202
159
105
81
131
6
245
2
286
58
40
24
39
201
202
3
5
80
99
245
273
105
6
3
99
40
39
93
80
5
24
2
180
1
11
180
93
2
80
105
11
273
201
24
39
99
40
202
201
245
1
39
11
81
58
286
131
273
80
245
81
93
58
3
105
180
1
24
80
202
201
99
159
105
6
5
93
59
180
286
40
273
201
180
3
80
159
2
105
286
93
6
5
24
273
39
5
105
24
3
80
245
202
286
99
180
201
40
39
80
24
11
273
202
6
201
159
58
93
40
93
5
180
201
59
39
6
2
80
11
81