52
19
1
53
111
76
17
60
77
42
1
111
57
54
75
19
52
119
66
5
76
11
17
19
52
2
53
5
66
60
2
53
80
1
11
108
19
77
119
67
17
56
53
57
111
80
108
5
42
119
80
76
83
17
52
115
57
66
5
67
2
19
52
111
182
1
80
103
60
67
11
52
83
17
18
182
111
60
119
67
52
53
17
57
108
2
11
42
5
60
1
113
83
80
115
75
53
119
66
5
2
53
11
17
18
76
113
5
103
67
52
80
53
2
108
19
111
67
42
119
111
76
83
56
11
115
19
60
77
119
57
17
115
1
2
80
108
5
60
119
19
53
111
17
80
11
1
66
67
5
182
75
2
57
18
56
11
66
67
60
115
182
108
17
57
18
75
42
66
119
19
76
11
115
56
108
113
66
67
119
17
56
80
111
75
108
52
60
66
119
76
54
57
1
80
111
113
119
77
5
2
57
56
11
52
17
75
42
103
66
18
111
1
75
115
83
108
77
119
67
182
115
113
52
56
17
80
77
60
66
54
17
57
53
52
115
182
5
67
119
111
54
115
80
57
1
17
77
42
67
182
18
113
53
17
76
57
42
77
103
115
80
56
52
75
19
57
103
60
66
53
54
113
18
17
115
111
66
42
5
76
52
111
75
1
108
80
42
66
67
18
108
2
80
53
54
52
5
60
77
52
75
111
19
2
11
76
67
119
42
108
80
17
19
11
18
113
67
60
66
52
83
17
1
111
113
115
67
66
77
113
57
52
111
83
17
115
119
67
66
111
19
52
17
182
54
113
5
119
42
56
2
17
113
115
19
1
67
119
77
108
54
83
80
76
11
53
60
67
103
52
54
19
182
83
18
11
67
103
77
56
53
54
19
83
182
18
66
77
119
111
19
54
11
57
182
80
119
66
42
76
19
182
83
115
2
80
119
67
42
113
56
83
2
76
19
18
66
60
5
52
115
182
83
56
17
76
103
67
42
53
56
11
52
54
57
115
77
103
66
182
113
18
115
19
76
54
77
66
60
19
52
17
53
2
108
75
103
77
60
56
182
111
19
18
108
76
66
42
67
111
18
182
17
1
19
54
5
60
77
2
1
53
75
108
80
182
60
103
66
53
18
54
111
182
19
56
60
77
103