49
56
52
24
97
6
51
132
50
86
132
51
56
50
52
6
49
86
97
24
51
97
56
52
50
6
132
49
24
86
6
86
51
97
56
24
50
132
49
52
132
97
86
24
49
56
51
52
50
6
86
52
97
6
132
51
50
49
24
56
97
24
50
52
49
6
56
86
51
132
50
86
51
49
24
132
97
6
52
56
56
52
6
132
49
97
24
86
51
50
50
56
52
6
24
132
97
51
49
86
6
97
24
86
56
51
132
52
49
50
132
49
97
56
50
86
51
6
52
24
86
50
132
6
52
49
97
24
51
56
50
86
132
52
51
24
56
49
6
97
50
97
86
24
51
52
49
132
56
6
52
132
24
51
56
50
97
86
49
6
132
86
52
97
6
50
56
51
49
24
86
56
49
97
132
6
51
50
52
24
52
132
97
6
49
24
86
56
50
51
86
132
24
56
49
51
50
6
97
52
56
86
132
51
49
97
24
52
50
6
50
132
51
6
49
56
24
97
52
86
51
50
132
52
86
6
97
24
49
56
52
97
132
51
50
86
49
56
6
24
49
24
52
86
97
51
132
56
6
50
49
97
50
24
52
56
132
86
6
51
52
56
132
24
51
49
97
6
50
86
24
56
6
86
50
52
97
132
49
51
132
50
56
97
6
49
24
52
86
51
86
52
97
6
49
132
50
24
51
56
50
97
52
86
6
56
49
24
51
132
132
86
51
50
6
24
52
56
97
49
50
56
24
132
86
49
6
52
97
51
24
50
97
132
52
56
6
49
86
51
50
49
52
97
56
24
86
6
132
51
52
24
49
6
50
56
132
97
86
51
24
132
97
51
49
50
86
56
52
6
97
52
86
49
51
56
6
24
132
50
132
52
24
97
51
49
50
86
6
56
51
56
97
24
50
49
132
86
52
6
51
132
56
86
49
24
50
97
6
52
97
52
86
24
49
6
51
50
132
56
97
24
86
6
52
50
51
49
56
132
50
52
51
56
6
49
86
97
132
24
52
56
132
6
51
24
97
86
49
50
50
56
132
97
51
52
6
49
24
86
52
50
97
132
56
86
49
24
51
6
24
49
6
51
132
52
97
50
86
56
50
56
6
52
24
132
97
86
51
49
49
86
50
132
24
97
6
56
51
52