90
87
23
39
75
1
70
96
25
77
90
96
1
87
39
70
25
75
23
77
75
23
96
70
90
77
39
25
87
1
1
96
87
75
25
70
23
39
77
90
75
87
96
23
25
1
77
39
70
90
87
77
70
96
1
39
25
23
75
90
1
96
90
39
75
23
70
25
77
87
77
39
75
87
90
1
96
70
25
23
75
23
90
96
87
1
77
39
25
70
87
70
96
90
77
25
1
23
39
75
90
23
1
75
70
77
96
25
39
87
39
25
75
96
1
70
23
87
77
90
75
70
25
1
77
23
39
96
87
90
77
96
87
75
1
25
39
23
70
90
39
75
87
70
90
25
23
77
96
1
75
90
87
1
96
70
77
23
25
39
23
75
39
77
87
70
25
90
96
1
75
96
25
23
70
90
87
77
1
39
70
75
1
77
23
87
96
90
25
39
39
25
77
1
87
70
90
75
96
23
23
87
96
39
75
25
70
77
90
1
77
87
1
25
96
39
23
90
75
70
77
39
1
90
87
70
25
75
23
96
70
23
77
39
90
1
96
25
75
87
75
70
77
23
25
90
1
96
87
39
1
25
90
39
75
23
87
70
77
96
70
96
77
87
75
23
39
25
90
1
25
96
70
1
90
75
77
23
87
39
25
23
77
87
1
96
75
39
70
90
96
25
77
90
39
23
1
75
87
70
1
23
90
77
39
75
70
87
96
25
39
90
77
23
25
87
75
96
70
1
75
70
1
39
23
87
25
96
77
90
87
70
25
39
23
96
90
77
1
75
39
75
1
23
70
87
96
77
90
25
90
77
39
1
70
23
96
25
75
87
77
25
1
75
70
96
90
23
39
87
23
70
96
25
1
77
90
39
75
87
96
75
25
90
77
87
70
23
39
1
90
77
70
23
39
25
87
1
75
96
39
90
75
70
87
96
25
1
77
23
87
23
70
77
90
1
96
25
75
39
70
87
96
77
90
25
23
39
1
75
90
70
25
87
39
75
77
23
1
96
87
96
70
1
25
23
90
77
75
39
25
96
1
70
23
90
39
77
75
87
77
23
70
87
39
90
75
96
1
25
87
96
70
1
90
23
75
39
25
77
25
77
23
1
87
70
75
90
96
39
23
1
90
96
87
75
25
70
77
39