60
48
22
65
63
53
2
170
47
71
71
22
2
53
60
170
63
47
48
65
65
53
48
47
170
60
22
71
2
63
47
71
170
22
63
65
2
53
48
60
63
47
170
2
60
22
53
71
48
65
53
170
2
71
63
60
48
65
47
22
22
53
170
65
71
48
2
60
47
63
48
47
53
71
2
170
63
60
65
22
48
2
53
63
65
47
22
60
71
170
48
71
53
2
47
65
22
60
63
170
71
22
2
170
65
48
60
63
47
53
60
65
2
53
48
170
47
22
71
63
53
71
170
63
60
2
47
65
48
22
47
71
48
65
22
170
63
53
2
60
47
2
170
60
63
53
71
22
48
65
63
53
22
47
170
48
60
71
2
65
65
60
53
47
63
2
48
22
71
170
22
71
53
2
65
63
170
48
60
47
22
63
48
47
170
53
60
71
65
2
170
71
48
53
2
60
22
47
63
65
63
47
22
71
53
65
170
60
48
2
22
63
2
60
71
65
53
170
47
48
71
53
2
22
47
60
63
65
48
170
22
47
53
63
170
2
65
48
60
71
2
47
60
22
65
53
170
71
63
48
63
47
170
2
22
71
48
65
60
53
53
65
71
63
170
60
48
22
47
2
170
2
63
48
47
71
22
53
65
60
60
71
170
47
22
65
48
53
63
2
47
22
65
63
71
170
60
53
48
2
22
48
71
47
53
65
63
60
2
170
53
63
47
48
71
170
65
22
2
60
2
48
47
65
71
63
170
22
60
53
60
65
22
53
71
48
170
47
2
63
71
48
60
2
22
65
63
47
53
170
53
63
170
22
2
65
60
47
71
48
170
22
60
48
65
63
71
2
47
53
47
71
2
65
63
60
53
48
170
22
63
170
65
53
2
47
71
22
48
60
63
71
170
2
53
22
48
60
47
65
22
63
48
60
47
65
170
53
71
2
47
48
65
60
53
63
2
22
71
170
63
48
2
22
53
60
170
47
71
65
60
71
48
22
170
47
53
65
2
63
2
47
71
63
48
60
22
53
170
65
60
47
22
63
65
2
53
71
170
48
47
53
65
22
60
2
170
71
63
48
60
47
22
170
63
2
71
48
65
53
2
47
63
65
22
170
48
60
53
71
47
53
63
60
2
71
48
22
170
65