107
59
34
179
51
177
52
174
110
4
51
4
252
177
34
52
107
59
174
118
52
177
252
59
110
31
174
172
57
107
31
52
107
59
57
34
174
177
179
172
118
107
51
59
177
179
31
110
4
52
172
107
110
57
31
59
179
174
252
51
172
34
57
4
51
59
252
177
110
107
34
107
4
177
57
59
31
51
118
52
179
59
252
174
57
177
110
4
34
172
172
118
110
174
51
52
179
252
177
34
34
31
51
4
179
107
252
110
52
172
4
59
252
31
179
118
51
174
57
172
172
252
59
107
179
31
110
4
118
51
52
51
107
31
4
110
179
174
172
59
51
110
118
34
57
252
107
4
52
172
172
110
179
4
31
118
107
34
52
252
172
57
52
31
118
4
34
110
174
252
179
51
57
107
172
110
177
4
59
118
57
252
172
52
4
34
110
31
179
51
172
57
252
51
4
177
110
52
59
118
118
57
110
179
177
31
174
52
4
172
179
59
110
174
172
34
252
52
107
4
34
174
177
172
179
59
52
110
51
57
34
51
174
59
172
110
118
107
177
31
177
179
174
51
252
59
52
31
107
34
34
52
252
174
172
51
57
118
110
107
174
59
57
51
52
4
177
118
110
107
179
57
107
174
177
52
31
110
51
4
52
57
118
34
4
110
179
107
31
252
52
172
34
118
174
31
252
4
59
107
34
31
172
252
177
59
57
52
107
4
52
51
110
172
179
252
177
174
31
107
51
57
110
59
252
107
4
31
118
174
34
174
172
4
110
118
179
51
52
177
107
179
118
51
177
57
4
31
172
252
118
59
177
57
51
110
172
107
52
179
31
174
52
59
172
252
107
179
57
4
172
57
4
107
110
252
179
174
34
59
118
110
52
57
252
51
34
179
172
177
118
172
174
252
59
110
34
179
52
4
177
118
107
31
252
52
57
34
110
174
174
177
34
57
31
179
110
59
252
118
174
107
52
177
57
59
31
179
110
51
57
31
51
110
59
34
177
172
179
118
107
172
34
118
174
59
31
52
57
110
172
59
52
174
110
34
51
57
179
177
172
59
51
107
4
57
110
179
252
174
34
118
252
110
52
179
107
59
174
172
4
174
34
110
118
172
31
107
179
57
118
172
110
52
31
107
51
252
34
177