20
64
39
96
75
1
70
15
77
23
77
64
20
23
70
1
15
75
96
39
75
64
23
1
39
70
77
96
20
15
64
20
77
96
39
1
75
70
15
23
20
64
96
1
15
70
77
39
75
23
23
20
64
15
39
77
70
75
96
1
70
15
20
64
77
1
23
39
96
75
96
20
77
1
23
75
39
70
64
15
96
64
39
1
77
15
23
20
70
75
64
1
20
15
77
23
39
70
75
96
15
75
20
64
77
96
1
70
23
39
23
75
77
96
64
20
39
70
15
1
77
15
20
64
39
23
1
70
96
75
96
70
15
75
77
23
64
39
1
20
75
20
15
39
1
96
23
77
64
70
96
75
20
15
77
23
70
39
1
64
75
23
20
15
1
70
77
96
64
39
70
1
96
20
77
15
23
64
75
39
70
96
23
75
1
15
39
77
20
64
96
39
70
15
64
75
20
23
1
77
75
15
23
64
1
70
20
77
96
39
75
15
70
96
23
20
39
77
64
1
96
39
20
15
75
77
64
70
1
23
39
77
23
20
96
70
64
1
15
75
1
70
39
96
77
15
75
64
20
23
96
1
75
15
20
70
77
64
23
39
23
75
96
39
15
64
20
77
70
1
77
75
20
70
96
1
23
15
64
39
23
15
70
39
1
77
96
75
20
64
39
75
70
1
23
96
77
64
20
15
39
64
1
15
20
77
23
70
96
75
39
77
75
15
70
23
64
1
96
20
75
64
39
96
20
70
15
77
23
1
23
77
64
96
39
1
20
15
70
75
64
15
96
39
75
70
23
77
20
1
39
77
23
1
70
75
64
20
15
96
23
20
75
77
39
15
96
1
70
64
1
64
96
77
39
15
75
70
23
20
15
20
75
64
23
39
70
77
1
96
64
1
77
15
75
70
39
23
20
96
77
75
64
23
96
39
70
20
1
15
39
23
20
15
77
1
64
96
75
70
1
75
77
23
64
20
15
96
39
70
20
1
96
64
70
77
39
23
75
15
77
75
96
64
15
39
1
20
23
70
20
39
23
75
77
15
96
70
64
1
1
75
15
64
70
96
77
20
39
23
20
96
75
64
15
23
77
39
70
1
70
23
64
1
20
39
77
15
75
96
70
96
39
64
75
77
15
23
20
1