144
61
40
106
8
42
100
211
133
192
7
170
144
61
42
100
46
195
14
145
100
8
170
7
4
40
39
211
255
192
4
61
13
39
170
40
8
14
192
195
61
40
42
3
222
170
7
211
133
10
8
19
63
3
46
4
39
165
12
10
144
46
7
19
3
4
106
195
10
48
3
46
61
8
19
42
63
195
133
255
40
144
19
13
3
222
7
14
145
9
106
4
40
63
170
42
46
10
223
133
106
170
4
39
144
63
13
433
145
118
19
42
4
106
170
46
8
9
10
145
13
42
63
4
19
222
3
255
172
433
46
170
222
4
8
63
144
48
223
133
8
144
63
39
170
7
46
433
10
14
40
63
7
39
144
4
42
145
118
14
19
61
63
106
4
8
144
255
192
133
39
40
42
61
170
3
19
192
195
14
4
42
170
63
39
106
13
165
118
133
170
63
19
3
40
100
7
133
433
118
19
7
106
4
61
40
63
133
211
192
42
8
7
100
170
3
61
433
145
12
61
7
4
8
106
3
63
192
48
211
3
42
170
63
61
39
4
10
433
165
40
144
63
170
39
222
13
211
9
48
100
42
106
46
144
39
40
223
192
118
4
170
61
40
106
8
7
172
192
223
7
42
3
4
8
106
40
433
192
195
61
106
100
170
19
8
4
48
9
172
63
222
3
40
61
8
39
118
223
14
4
39
63
61
42
19
170
12
211
195
13
7
4
222
39
46
19
12
145
133
100
40
4
3
144
8
39
255
10
165
40
13
3
170
42
106
144
118
48
133
40
144
63
4
170
39
42
433
223
172
170
13
39
106
46
7
40
9
255
14
19
4
144
61
3
63
222
48
145
12
8
170
222
13
42
3
46
223
48
14
40
144
100
63
170
106
42
172
145
223
8
4
46
63
100
13
39
165
118
145
63
3
7
144
42
13
8
433
10
211
222
8
63
4
19
61
40
145
14
10
144
100
63
170
8
19
42
12
48
118
40
4
42
39
100
222
8
223
211
255
46
19
63
40
100
144
106
165
192
9
222
61
3
40
42
13
100
14
211
48
4
144
7
3
100
42
40
255
133
14
40
19
106
7
170
222
3
433
255
223
144
40
19
63
222
13
39
48
10
12
222
8
7
100
144
63
19
12
211
9