102
80
28
145
296
107
22
227
127
210
23
3
19
145
87
22
24
256
266
1
41
145
28
102
22
24
87
210
64
25
2
87
19
24
165
80
22
256
210
127
80
28
3
19
102
107
23
218
127
227
296
107
145
24
80
165
3
210
218
167
87
102
41
3
2
107
268
141
13
167
23
80
2
87
209
24
165
64
227
256
145
107
296
41
102
209
2
13
69
167
24
145
28
268
87
3
22
227
64
141
268
165
24
2
145
19
296
69
141
1
209
268
23
22
107
296
87
210
127
25
107
87
3
28
41
102
22
167
69
1
41
145
24
23
296
87
209
70
13
69
23
80
28
2
87
296
209
218
127
13
2
145
102
165
28
268
80
266
70
64
145
23
80
268
3
87
209
227
141
13
107
22
24
19
268
41
23
227
210
69
41
209
24
23
3
80
165
218
25
13
145
23
22
3
209
28
107
69
70
25
19
41
2
87
268
145
24
210
1
127
102
268
3
80
22
23
107
210
64
1
107
165
28
80
268
19
145
167
218
227
165
145
41
2
80
102
209
70
141
256
23
87
80
102
2
28
107
256
25
141
296
24
23
145
28
87
22
25
167
127
2
23
268
102
22
209
296
167
266
64
80
23
87
22
41
145
3
13
141
227
80
145
22
107
41
165
102
210
266
167
165
24
3
296
2
22
41
64
218
1
209
80
3
24
2
165
145
64
210
127
268
296
165
145
23
22
41
69
266
210
102
87
24
268
19
2
107
70
266
127
2
209
22
80
28
87
145
218
210
227
3
41
145
268
28
296
22
256
127
13
22
3
23
41
296
80
268
64
70
69
145
24
41
3
87
2
107
127
25
256
102
24
268
145
80
19
2
227
141
70
102
23
28
41
296
165
22
70
210
266
209
80
23
87
2
28
3
210
266
70
19
87
268
2
165
107
41
210
25
1
80
28
102
87
2
24
19
69
167
210
87
145
3
209
22
2
41
25
141
227
296
209
41
23
107
2
87
25
210
266
296
3
2
145
102
41
268
167
218
70
19
165
107
28
87
23
296
266
141
256
209
23
3
24
41
145
107
210
227
69
19
24
165
296
268
3
23
69
167
227
165
3
80
87
107
296
209
69
167
141
22
2
28
80
209
23
107
70
13
25