12
230
159
1
93
80
215
15
273
6
2
213
58
12
230
213
7
15
8
201
11
2
159
59
80
11
213
230
8
6
99
201
159
1
3
12
3
201
59
40
93
2
67
7
230
12
159
11
99
213
80
5
215
1
201
15
2
7
230
12
15
58
93
59
5
3
213
67
11
1
2
6
93
7
159
215
6
273
5
230
2
286
40
12
67
3
6
215
1
201
12
59
5
286
273
159
2
99
67
15
1
230
7
11
215
8
3
159
7
3
93
273
80
58
11
99
2
12
201
5
201
1
93
58
80
230
6
8
67
3
159
12
2
67
1
40
6
59
213
11
15
99
230
3
80
230
67
2
11
1
6
8
201
58
99
59
58
201
99
15
11
5
159
1
3
8
273
286
80
3
7
1
99
159
12
273
5
213
201
230
7
213
286
159
2
11
58
15
215
1
273
8
8
11
40
3
201
2
5
12
286
93
7
273
80
93
1
6
273
59
5
11
215
3
12
40
12
7
201
59
1
67
2
6
3
8
273
15
59
215
12
3
213
6
99
230
2
8
7
5
215
59
201
58
11
273
93
12
6
213
15
80
40
11
1
273
58
12
213
3
201
15
8
80
286
67
15
99
8
58
230
2
40
7
11
80
159
201
2
273
59
80
58
99
3
67
213
12
159
99
201
213
8
2
215
286
1
3
40
59
59
1
273
5
201
15
12
213
159
93
2
40
67
58
6
59
15
12
215
80
286
5
8
213
99
273
3
12
2
93
215
59
159
1
15
8
59
5
58
93
201
213
99
40
67
6
230
215
8
11
213
15
93
230
12
1
159
59
201
40
93
80
58
15
230
7
59
40
273
12
67
8
93
201
213
1
12
15
5
67
230
7
273
58
230
5
3
1
159
6
2
58
12
67
7
11
80
11
213
215
273
201
67
6
286
1
159
99
67
93
230
7
201
59
215
8
58
12
40
6
67
15
40
93
11
230
159
7
5
8
273
201
7
58
40
230
213
59
12
15
67
1
215
99
58
59
6
215
286
213
201
12
230
5
15
1
40
286
93
15
1
273
213
11
5
12
58
215
80
58
3
99
273
11
6
159
40
286
93
8
213
5
286
1
99
58
15
11
67
93
40
159
273
7
99
5
80
230
12
6
1
286
59
58
230
12
201
80
15
59
1
2
40
5
8
273
12
59
40
230
67
8
213
11
215
7
58
159
11
12
273
159
93
15
286
1
6
40
58
7
213
286
3
5
12
99
8
40
59
11
159
215
286
159
93
213
201
1
6
8
40
2
15
7
286
273
7
67
93
12
40
59
1
3
58
8
2
99
286
58
80
67
5
8
1
59
7
40
40
99
12
11
59
7
159
5
3
58
15
80