183
41
7
27
13
12
246
11
14
132
11
13
132
14
183
111
90
27
41
243
14
183
95
7
111
11
41
13
27
243
111
183
12
11
14
13
246
41
243
7
243
95
246
13
7
27
183
111
90
129
13
243
12
129
111
14
132
90
246
183
132
41
129
11
183
13
12
27
7
111
129
246
183
95
11
14
111
41
27
243
41
111
7
246
129
12
27
11
183
90
7
27
129
183
95
14
132
246
12
111
111
129
13
90
41
12
132
11
14
27
14
246
90
111
7
95
132
12
183
11
183
111
129
90
7
14
27
95
13
41
7
246
111
129
11
14
132
27
41
95
27
12
13
41
11
95
246
7
14
132
246
27
14
12
132
111
183
13
129
95
132
7
111
90
41
243
11
13
129
12
11
246
129
95
7
12
243
90
111
183
90
12
13
183
243
246
41
132
27
129
243
129
41
90
132
183
95
111
13
27
90
14
7
129
132
95
13
243
111
12
243
246
13
12
11
129
183
111
41
27
95
132
90
41
11
27
246
183
12
129
11
90
243
12
7
95
111
41
27
13
12
95
13
14
132
129
27
111
7
41
7
243
27
183
95
129
13
12
11
132
11
111
41
95
243
90
129
13
12
183
243
11
13
7
129
41
246
95
14
27
27
183
12
243
13
132
7
246
95
14
11
12
246
95
129
111
14
27
7
183
7
246
13
41
95
27
243
14
11
132
95
41
12
90
111
7
27
243
132
129
14
27
90
12
111
183
11
243
95
246
132
41
14
7
27
246
90
95
111
11
132
11
95
246
14
90
7
12
183
27
13
11
243
14
41
129
90
246
27
132
90
27
7
14
41
13
246
243
129
12
129
7
183
111
14
12
90
11
243
13
129
132
41
11
95
14
90
111
243
27
90
41
132
13
11
12
183
243
111
129
12
7
90
243
27
132
111
95
13
11
243
111
7
13
129
11
90
27
183
132
95
243
27
183
7
132
129
13
12
90
132
11
41
13
12
7
246
14
95
243
132
129
12
111
13
41
14
95
27
90
14
7
90
111
12
11
246
129
183
13
27
90
132
12
243
129
95
14
7
246
90
129
243
11
246
95
14
12
132
13
183
11
111
12
27
14
95
13
243
90
95
13
11
246
129
183
132
14
41
12