223
213
103
89
50
1
123
34
141
4
4
123
1
89
141
50
34
213
103
223
1
103
34
89
223
50
213
141
4
123
50
213
223
1
141
89
123
4
34
103
34
123
50
141
4
89
213
223
103
1
123
50
213
4
223
1
103
34
141
89
141
50
89
223
213
1
123
103
4
34
123
4
1
141
50
213
223
89
34
103
103
223
34
141
1
123
50
4
213
89
34
213
50
141
89
223
1
103
4
123
89
223
34
1
103
141
213
4
123
50
34
223
123
103
4
213
141
1
89
50
141
223
50
213
1
123
103
34
89
4
4
103
34
1
89
123
213
223
50
141
123
4
50
141
223
89
1
213
34
103
4
141
34
213
89
103
223
123
50
1
1
141
50
89
4
34
103
223
213
123
1
141
50
89
4
223
34
123
213
103
223
123
141
50
213
34
4
103
89
1
34
50
213
4
89
1
141
223
103
123
213
141
50
4
34
1
89
103
123
223
89
50
223
213
34
1
123
103
4
141
223
103
213
34
89
141
1
50
4
123
89
1
34
103
213
223
141
50
4
123
89
34
4
1
213
223
103
50
123
141
141
50
1
4
123
89
213
34
103
223
50
103
34
223
123
4
89
1
141
213
223
123
4
213
103
141
50
89
34
1
123
103
213
89
34
141
223
1
50
4
89
213
34
141
223
123
103
4
50
1
89
213
103
50
223
4
141
1
34
123
141
103
89
223
50
4
123
213
34
1
123
89
103
34
141
1
223
50
213
4
223
89
123
1
213
141
103
34
4
50
223
34
1
4
123
213
141
103
89
50
50
34
89
1
103
123
223
4
141
213
141
213
123
34
223
103
50
89
4
1
141
213
4
103
223
123
1
50
89
34
223
103
141
4
213
89
1
123
50
34
34
223
4
89
213
141
1
123
103
50
1
50
141
89
103
213
4
34
223
123
141
50
103
123
34
223
213
1
4
89
1
89
103
50
123
223
4
141
34
213
103
223
123
1
141
34
89
213
50
4
50
103
213
223
123
4
1
34
141
89
123
213
141
50
89
103
4
34
1
223
1
103
34
141
213
89
4
123
223
50
213
34
223
141
123
4
89
103
50
1
213
34
89
103
1
141
123
223
4
50
89
1
123
223
34
4
50
213
103
141