40
245
24
58
6
59
3
15
99
131
273
159
2
245
5
6
80
282
193
8
39
2
3
59
245
5
40
105
99
135
11
159
40
5
2
245
39
8
131
99
40
2
24
286
5
11
273
266
213
97
3
273
2
286
40
24
58
15
105
215
273
245
1
286
24
2
159
15
129
105
80
286
6
245
3
11
24
213
8
215
3
24
59
273
245
80
286
135
213
180
245
2
40
5
80
6
1
99
8
180
159
39
1
40
80
3
286
131
99
84
40
245
159
39
1
80
3
99
215
8
39
6
58
1
40
245
59
105
15
282
5
39
6
24
11
59
273
97
84
193
11
2
40
286
6
273
3
97
213
266
6
159
80
39
3
24
5
84
131
129
58
24
39
159
11
273
80
99
97
7
159
3
58
2
59
5
245
180
129
105
5
24
59
40
58
6
286
84
213
97
273
80
58
159
24
5
245
99
282
180
3
80
40
5
159
286
11
7
215
105
2
11
1
273
39
245
6
99
84
180
1
11
59
286
39
24
5
84
193
230
245
286
159
59
80
24
11
129
131
180
245
286
39
40
59
5
3
282
97
105
159
273
286
58
59
3
2
7
97
193
80
3
5
159
6
2
39
84
282
266
11
286
2
159
245
3
24
8
84
180
273
159
40
3
245
1
5
180
193
131
6
245
39
2
1
40
11
8
282
215
159
80
273
39
1
6
11
193
15
180
59
286
1
40
2
39
245
215
131
213
40
58
1
2
80
11
59
215
8
282
80
6
273
159
5
245
286
282
97
7
245
11
24
39
3
58
1
135
282
193
1
40
245
5
3
58
11
215
99
8
80
1
286
24
159
6
3
105
230
84
273
286
159
39
6
40
2
15
84
97
1
39
80
6
3
59
11
230
213
15
3
2
24
5
11
59
159
230
180
105
11
159
58
273
6
39
1
282
266
8
2
245
11
40
3
80
159
8
230
84
3
24
58
273
159
245
1
15
266
131
59
24
3
2
11
273
58
282
193
7
58
5
3
1
80
39
286
105
99
129
40
59
5
3
58
2
80
129
7
213
286
40
245
2
1
80
39
129
230
180
39
11
58
1
245
80
59
84
15
135
24
5
58
3
286
1
6
99
230
180
24
3
1
2
5
273
245
135
215
105