77
96
87
75
64
215
25
15
23
70
77
20
87
39
23
215
25
15
90
70
64
90
1
75
96
215
25
15
87
39
1
90
70
64
87
215
25
15
96
23
20
96
87
1
39
215
25
15
70
23
77
75
64
87
1
215
25
15
96
90
23
96
20
75
70
215
25
15
90
1
20
90
64
77
96
215
25
15
23
70
77
87
70
90
39
215
25
15
75
96
39
96
75
87
77
215
25
15
1
90
77
75
96
20
87
215
25
15
64
90
20
70
77
23
87
215
25
15
39
1
20
90
23
1
77
215
25
15
64
39
77
20
96
87
70
215
25
15
23
1
1
20
64
39
96
215
25
15
75
87
75
20
77
90
23
215
25
15
39
87
1
20
39
77
96
215
25
15
64
70
87
64
1
96
90
215
25
15
20
75
23
75
90
77
87
215
25
15
1
64
39
70
20
77
75
215
25
15
90
87
20
90
70
23
77
215
25
15
64
96
96
77
70
20
87
215
25
15
75
90
90
70
75
20
39
215
25
15
23
64
23
87
1
75
70
215
25
15
90
20
1
70
20
77
90
215
25
15
39
75
23
75
39
64
70
215
25
15
20
90
70
1
23
20
64
215
25
15
96
87
39
64
20
87
23
215
25
15
75
77
70
20
75
64
39
215
25
15
90
77
39
87
75
23
64
215
25
15
96
70
23
20
90
39
87
215
25
15
96
1
39
75
23
64
20
215
25
15
1
87
90
39
64
96
87
215
25
15
23
20
20
64
77
87
75
215
25
15
1
39
75
77
1
96
23
215
25
15
70
39
70
87
64
77
1
215
25
15
75
20
75
1
90
87
23
215
25
15
64
70
64
87
20
75
23
215
25
15
70
96
64
87
77
70
96
215
25
15
23
20
77
39
70
64
20
215
25
15
96
1
39
75
1
20
64
215
25
15
77
90
23
87
77
39
20
215
25
15
90
75
64
1
96
70
20
215
25
15
23
90
39
90
1
20
77
215
25
15
87
64
70
90
23
20
1
215
25
15
77
64
77
39
87
96
75
215
25
15
20
90
64
75
90
39
20
215
25
15
23
70
39
96
90
1
75
215
25
15
20
77
1
20
87
96
64
215
25
15
90
75
75
77
96
90
64
215
25
15
70
20