28
112
38
1
15
111
204
87
74
73
1
15
111
204
74
112
87
73
38
28
112
74
15
1
28
87
73
204
38
111
38
15
112
1
74
111
204
28
73
87
111
204
1
112
74
87
28
73
38
15
87
204
28
74
38
73
111
15
112
1
112
111
15
38
73
28
204
87
74
1
111
73
204
38
15
28
1
112
74
87
87
1
28
204
15
38
111
74
112
73
38
28
73
111
87
204
112
74
1
15
204
38
112
28
74
87
1
15
111
73
15
112
1
111
87
204
38
73
74
28
73
38
74
87
15
111
112
28
1
204
112
1
28
73
38
111
204
15
87
74
112
111
1
73
38
28
15
204
74
87
87
112
15
111
28
73
38
74
204
1
204
74
73
112
38
111
28
87
1
15
204
28
111
73
15
38
74
87
112
1
28
1
204
38
74
73
112
87
111
15
112
73
74
15
111
87
204
28
1
38
111
1
87
112
73
74
38
15
28
204
112
73
74
87
111
1
15
28
38
204
15
112
28
73
87
38
1
74
111
204
38
1
73
204
74
28
111
87
112
15
28
204
74
112
15
87
38
73
111
1
1
28
111
112
73
74
87
15
204
38
112
111
15
1
38
204
74
73
28
87
111
15
28
112
204
1
38
87
73
74
28
87
111
15
74
38
112
1
73
204
38
73
111
112
87
1
15
28
204
74
112
87
1
204
73
28
74
38
15
111
74
73
87
28
111
204
38
112
15
1
74
73
111
15
87
112
28
38
204
1
74
111
38
15
87
204
1
112
73
28
111
28
74
204
38
87
15
112
73
1
112
15
87
204
28
73
1
111
38
74
15
73
87
74
28
1
38
112
111
204
112
15
74
1
204
28
87
38
111
73
204
15
1
111
38
87
28
74
73
112
73
87
74
28
204
38
1
15
111
112
74
28
73
204
1
111
38
87
15
112
73
74
111
112
1
204
15
28
87
38
111
1
112
87
15
38
73
204
74
28
38
15
73
204
1
87
111
28
112
74
204
87
74
38
111
28
112
73
1
15
15
111
28
87
74
204
38
112
73
1
111
38
87
204
28
1
73
15
74
112
112
74
38
15
1
73
204
87
28
111
73
15
204
74
112
1
38
111
87
28
73
74
112
1
28
204
38
15
87
111