211
80
180
245
42
286
3
201
5
215
6
97
40
93
201
58
180
3
135
193
159
282
6
59
286
5
215
3
245
135
39
40
6
129
180
99
213
39
80
1
5
215
286
180
42
201
159
129
97
59
215
180
193
80
39
201
3
58
1
159
3
211
5
245
1
129
127
24
42
99
286
201
159
282
193
131
39
6
245
213
180
3
42
5
5
84
211
159
24
42
193
2
131
127
135
40
99
213
286
1
3
93
135
6
97
245
59
282
40
97
131
39
213
135
3
129
42
99
193
211
59
6
135
127
282
180
1
24
5
286
2
93
129
97
213
211
127
201
180
40
3
245
1
2
5
282
193
159
99
6
201
39
215
24
245
40
59
213
93
282
135
3
131
24
1
129
6
99
3
129
6
99
193
1
80
286
135
282
40
2
40
59
6
84
129
58
282
80
2
215
39
211
180
80
159
211
1
39
40
135
193
201
245
131
159
93
59
127
180
129
24
211
40
5
245
99
215
211
6
245
201
180
286
39
193
135
1
93
93
3
1
129
6
180
286
5
2
84
135
159
211
245
213
131
1
84
180
286
193
282
42
5
5
211
286
127
42
215
213
58
282
6
1
59
193
80
211
5
286
42
93
59
58
2
6
127
59
99
131
6
97
24
213
201
2
127
159
211
80
282
24
159
1
84
99
6
40
211
39
127
215
84
58
40
213
201
159
127
5
180
129
39
131
180
211
286
3
24
99
42
282
159
58
213
129
58
286
193
245
42
2
80
97
84
159
99
6
159
39
93
129
282
58
3
131
135
193
40
159
84
201
2
58
5
213
127
59
245
42
6
6
2
211
245
180
286
127
129
40
24
5
159
24
6
3
282
93
39
211
59
135
58
201
213
286
135
93
24
211
2
245
6
40
39
42
127
286
80
93
211
3
59
127
159
1
84
215
135
215
193
39
5
211
59
1
42
2
58
135
84
58
127
93
245
59
97
201
3
42
84
213
135
84
193
127
80
93
99
286
159
1
3
180
201
80
84
1
127
159
129
58
6
59
93
245
211
5
180
215
2
24
39
201
58
282
127
6
3
131
286
58
24
201
5
215
59
2
159
127
84
131
245
93
127
213
211
3
99
129
6
97
286
193
58
42
201
215
282
129
213
131
127
24
59
58
93
59
211
3
129
99
42
2
286
1
40
99
80
97
180
282
40
93
58
213
127
39
59
282
84
40
131
135
39
59
42
193
215
6
99
99
3
282
5
40
2
131
84
180
159
135
1
215
213
201
1
5
84
97
59
24
159
127
99
39
282
5
59
6
193
213
3
215
211
127
135
135
211
215
131
180
40
2
59
24
193
5
1
180
3
93
40
131
211
42
193
282
1
99
213