71
45
19
57
6
19
24
12
63
27
24
45
58
16
60
26
71
23
60
16
45
12
22
16
63
71
45
22
32
27
26
12
71
60
24
22
19
71
25
60
23
12
71
63
26
12
71
24
16
57
58
45
24
27
16
19
12
24
16
63
58
71
45
25
24
58
45
71
16
27
58
26
22
27
6
45
23
12
25
6
26
19
71
32
25
19
26
58
60
32
26
19
45
27
57
23
45
19
57
63
12
26
24
6
27
71
22
26
6
60
23
26
22
6
27
24
71
19
27
12
22
23
19
32
26
23
24
71
27
22
12
71
26
25
27
23
71
22
6
19
12
23
58
16
6
22
26
45
32
63
23
19
26
57
22
12
26
22
6
25
23
22
71
60
12
58
45
19
6
60
12
22
24
16
63
19
58
26
63
25
22
23
26
6
58
26
23
22
6
58
71
58
22
32
45
71
26
23
16
25
45
26
22
57
25
19
45
58
27
16
12
19
24
25
23
71
26
19
60
32
58
12
45
25
26
45
22
19
32
27
58
22
26
25
63
26
23
24
25
22
22
23
71
63
25
22
58
24
27
19