23
5
29
30
25
25
29
7
18
30
29
30
18
23
67
29
7
30
18
25
7
30
18
5
2
25
29
5
18
83
25
7
29
18
83
29
5
30
7
2
30
18
25
5
83
23
7
25
29
67
30
5
23
7
29
7
18
5
30
2
29
18
23
30
2
29
23
30
5
2
30
23
5
7
18
7
23
5
29
25
30
5
25
18
83
29
5
23
25
2
23
30
18
25
67
18
29
7
23
5
7
25
30
18
29
7
25
23
5
30
25
7
5
18
83
18
5
30
7
23
18
5
30
23
2
23
29
18
25
83
23
18
30
7
67
30
5
18
7
2
30
23
5
25
83
30
5
18
25
83
7
25
23
30
67
30
29
23
25
2
29
5
7
30
25
30
18
25
5
29
30
29
7
18
5
5
30
18
7
29
25
5
7
23
30
23
18
29
7
67
23
25
29
7
18
7
25
30
18
2
18
7
23
30
2
29
25
30
5
18
25
23
5
18
29
7
18
23
30
67
18
25
5
23
30
18
23
5
25
67
23
5
30
7
2
7
29
5
18
2
25
5
7
23
29
7
23
30
5
18