8
40
36
1
37
1
0
4
8
40
4
35
36
1
8
36
35
40
1
4
8
4
40
36
30
35
4
1
40
8
0
8
1
4
36
4
0
40
35
8
1
40
4
8
30
0
35
40
4
37
36
1
0
8
4
8
36
35
1
40
8
4
35
36
1
4
8
0
35
36
0
4
35
1
36
40
8
0
36
30
36
1
8
40
0
40
8
4
1
36
36
0
1
8
37
0
40
8
35
36
4
36
0
1
37
8
4
36
1
0
1
0
4
40
37
40
35
4
0
8
40
4
1
8
36
4
35
0
1
37
36
40
8
4
0
4
40
36
35
1
40
4
0
36
30
8
40
0
35
30
0
8
36
40
35
4
40
8
0
35
40
1
4
8
0
8
0
4
40
30
4
40
35
0
36
36
40
0
35
37
35
1
4
40
30
4
1
8
35
30
40
1
8
36
35
40
36
35
8
30
35
40
0
36
8
0
40
8
4
35
4
0
1
40
35
36
0
8
40
4
35
36
4
1
0
0
36
40
35
8
0
36
8
1
30
4
1
0
8
36
4
40
35
8
0
1
36
8
40
4