1
83
3
2
84
9
93
4
11
80
1
83
3
2
84
9
93
4
11
80
1
83
3
2
84
9
93
4
11
80
1
83
3
2
84
9
93
4
11
80
1
83
3
2
84
9
93
4
11
80
1
83
3
2
84
9
93
4
11
80
1
83
3
2
84
9
93
4
11
80
1
83
3
2
84
9
93
4
11
80
1
83
3
2
84
9
93
4
11
80
1
83
3
2
84
9
93
4
11
80
1
83
3
2
84
9
93
4
11
80
1
83
3
2
84
9
93
4
11
80
1
83
3
2
84
9
93
4
11
80
1
83
3
2
84
9
93
4
11
80
1
83
3
2
84
9
93
4
11
80
1
83
3
2
84
9
93
4
11
80
1
83
3
2
84
9
93
4
11
80
1
83
3
2
84
9
93
4
11
80
1
83
3
2
84
9
93
4
11
80
1
83
3
2
84
9
93
4
11
80
1
83
3
2
84
9
93
4
11
80
1
83
3
2
84
9
93
4
11
80
1
83
3
2
84
9
93
4
11
80
1
83
3
2
84
9
93
4
11
80
1
83
3
2
84
9
93
4
11
80
1
83
3
2
84
9
93
4
11
80
1
83
3
2
84
9
93
4
11
80
1
83
3
2
84
9
93
4
11
80
1
83
3
2
84
9
93
4
11
80
1
83
3
2
84
9
93
4
11
80
1
83
3
2
84
9
93
4
11
80
1
83
3
2
84
9
93
4
11
80
1
83
3
2
84
9
93
4
11
80
1
83
3
2
84
9
93
4
11
80
1
83
3
2
84
9
93
4
11
80
1
83
3
2
84
9
93
4
11
80
1
83
3
2
84
9
93
4
11
80
1
83
3
2
84
9
93
4
11
80
1
83
3
2
84
9
93
4
11
80
1
83
3
2
84
9
93
4
11
80
1
83
3
2
84
9
93
4
11
80
1
83
3
2
84
9
93
4
11
80
1
83
3
2
84
9
93
4
11
80
1
83
3
2
84
9
93
4
11
80
1
83
3
2
84
9
93
4
11
80
1
83
3
2
84
9
93
4
11
80
1
83
3
2
84
9
93
4
11
80
1
83
3
2
84
9
93
4
11
80
1
83
3
2
84
9
93
4
11
80
1
83
3
2
84
9
93
4
11
80