58
126
119
84
121
80
166
217
16
251
1
119
18
113
50
16
23
221
217
251
85
18
84
2
113
166
33
16
221
23
50
113
84
119
35
217
80
33
16
221
2
50
1
85
36
16
251
166
33
4
58
126
88
121
35
217
251
80
23
221
119
126
88
77
17
166
4
217
33
221
52
119
36
18
17
166
221
16
251
4
77
1
8
88
52
23
4
217
16
251
2
88
121
84
126
33
23
16
221
166
1
58
85
52
17
251
166
221
4
16
2
85
50
52
77
33
166
221
80
23
85
17
58
88
126
33
166
80
16
217
77
121
35
17
50
217
166
33
16
251
88
119
35
8
126
166
33
217
221
80
88
50
113
58
35
16
4
166
23
80
52
119
17
126
50
251
166
23
4
217
1
8
50
35
84
33
23
80
16
4
85
113
52
84
2
166
23
80
251
33
8
1
85
2
52
33
217
251
16
221
1
126
36
50
121
251
80
33
217
16
1
88
84
121
58
23
33
166
80
16
84
88
36
50
17
4
166
221
80
217
58
113
2
18
126
221
80
16
166
4
77
2
119
58
84
221
4
80
23
33
1
2
52
84
119
80
16
33
166
23
2
84
121
1
88
4
16
166
217
23
84
126
18
121
119
33
23
166
251
221
85
126
8
52
58
166
80
33
221
4
52
17
88
36
8
217
4
221
33
80
1
119
88
121
52
33
23
166
80
221
2
52
58
119
18
80
4
217
33
251
58
113
77
36
50
16
80
221
4
251
52
88
35
1
18
217
33
221
4
166
18
36
77
52
1
33
23
217
166
16
85
17
84
35
121
4
217
251
16
33
2
88
35
119
113
16
23
166
4
80
126
36
1
119
2
217
166
221
80
33
84
52
50
1
85
33
23
217
16
80
121
8
85
36
77
33
80
166
217
251
2
35
8
18
84
221
80
166
33
4
126
119
1
36
35
4
251
166
80
33
17
35
1
77
36
33
4
251
16
80
50
35
52
2
18
80
23
33
166
251
50
84
17
8
126
33
251
221
80
217
18
121
52
8
1
23
80
251
16
4
52
84
119
85
35
4
251
217
33
16
58
84
18
121
50
166
80
16
23
217
84
58
121
36
119
4
80
33
166
217
58
18
36
113
121
221
4
16
33
80