2
10
9
17
33
2
10
9
17
33
2
10
9
17
33
2
10
9
17
33
2
10
9
17
33
2
10
9
17
33
2
10
9
17
33
2
10
9
17
33
2
10
9
17
33
2
10
9
17
33
2
10
9
17
33
2
10
9
17
33
2
10
9
17
33
2
10
9
17
33
2
10
9
17
33
2
10
9
17
33
2
10
9
17
33
2
10
9
17
33
2
10
9
17
33
2
10
9
17
33
2
10
9
17
33
2
10
9
17
33
2
10
9
17
33
2
10
9
17
33
2
10
9
17
33
2
10
9
17
33
2
10
9
17
33
2
10
9
17
33
2
10
9
17
33
2
10
9
17
33
2
10
9
17
33
2
10
9
17
33
2
10
9
17
33
2
10
9
17
33
2
10
9
17
33
2
10
9
17
33
2
10
9
17
33
2
10
9
17
33
2
10
9
17
33
2
10
9
17
33
2
10
9
17
33
2
10
9
17
33
2
10
9
17
33
2
10
9
17
33
2
10
9
17
33
2
10
9
17
33
2
10
9
17
33
2
10
9
17
33
2
10
9
17
33
2
10
9
17
33