58
19
97
110
60
19
60
15
20
110
53
5
119
110
20
19
53
119
41
20
53
19
15
110
36
58
30
20
41
97
42
19
15
20
30
19
30
97
20
49
58
5
15
119
97
58
42
110
36
15
5
42
36
119
19
58
19
20
41
15
53
19
119
36
15
42
58
119
110
20
42
53
41
20
5
58
60
41
97
119
60
53
15
119
20
42
53
15
20
60
30
53
97
119
19
60
30
15
41
119
5
42
36
15
119
53
5
110
36
119
49
53
41
15
19
60
58
110
20
5
60
42
119
97
15
19
53
41
119
97
60
5
110
97
58
30
58
110
97
49
5
19
97
119
41
58
30
20
41
19
42
58
20
15
19
5
60
20
110
15
49
58
97
41
53
49
42
41
119
58
53
19
41
97
30
30
53
20
119
41
42
30
15
36
53
5
42
41
110
15
53
58
119
41
5
58
30
97
20
60
30
49
41
119
110
58
42
97
119
36
53
60
15
110
19
53
42
119
41
49
53
19
20
41
36
49
30
41
20
36
60
19
15
36
20
53
49
15
110
41
19
49
97
36
60
19
42
110
15
60