85
36
58
88
17
23
80
4
251
16
88
77
85
35
18
33
221
80
251
4
35
121
77
58
85
80
217
166
33
16
50
126
36
2
85
16
251
166
80
23
8
2
50
77
84
16
23
166
4
33
2
113
18
88
77
23
4
33
217
221
35
36
88
1
113
217
16
23
251
80
17
35
77
58
119
166
16
221
23
33
88
84
18
121
85
166
217
23
251
4
1
126
119
77
8
166
221
217
4
33
17
18
84
50
58
251
16
23
221
33
35
121
85
126
50
217
33
23
16
166
35
119
2
36
17
4
251
217
23
80
8
18
17
121
85
217
166
23
80
16
50
18
84
1
8
33
251
80
166
217
17
77
58
35
18
16
4
33
23
80
2
17
113
119
84
251
80
23
221
33
17
119
8
85
18
33
217
251
221
4
77
8
58
84
52
80
217
23
16
166
18
35
84
2
88
33
166
217
4
251
50
85
2
77
52
221
251
23
33
166
121
77
1
8
84
217
80
166
23
33
113
85
121
35
8
166
80
221
251
16
52
121
2
119
85
16
4
166
23
80
52
1
58
88
17
217
166
33
251
4
113
88
17
8
50
217
16
221
23
166
126
84
8
121
36
217
80
166
23
16
84
18
88
8
17
217
4
80
166
251
17
2
84
8
36
221
80
251
4
16
77
50
52
113
8
33
23
80
166
16
2
1
121
77
113
80
221
217
23
251
17
113
52
36
50
23
16
221
80
217
52
113
8
2
121
4
23
16
80
251
113
18
52
119
58
80
251
23
4
166
88
121
17
58
113
166
16
251
217
80
126
35
1
113
52
166
221
23
251
16
77
2
113
58
18
217
166
16
80
33
126
50
35
17
77
217
166
221
16
251
85
18
1
50
84
16
4
217
221
251
52
113
17
126
36
23
166
33
251
4
35
50
88
36
77
166
4
251
221
33
121
119
17
88
126
221
217
33
16
251
18
88
50
84
77
251
4
23
33
166
35
18
8
119
58
217
4
80
221
33
126
35
52
58
36
80
221
217
166
251
52
58
113
8
77
251
221
166
217
33
2
50
18
36
121
251
4
16
217
23
35
126
88
119
8
217
4
251
16
166
2
8
84
119
77
217
16
251
33
221
1
85
35
8
84
221
4
33
80
217