86
84
20
83
78
23
54
81
82
43
81
18
86
6
204
83
20
84
88
43
103
204
78
54
81
18
6
80
82
42
20
23
86
54
43
78
80
204
82
81
86
103
83
78
43
204
84
54
42
63
81
6
83
204
43
78
103
54
60
88
18
80
20
43
204
103
86
78
56
60
43
81
23
204
18
84
86
6
42
82
20
84
78
18
54
86
81
103
42
82
78
86
80
54
103
81
83
204
60
88
54
83
103
81
78
84
6
18
56
43
43
18
80
23
83
81
204
84
63
82
86
204
20
103
80
23
43
54
42
78
84
78
80
20
43
83
81
54
88
204
83
103
23
20
6
81
43
18
42
88
54
103
20
86
204
6
43
18
56
60
18
83
20
80
86
43
23
103
88
6
6
86
80
84
18
83
43
20
60
78
81
43
84
80
54
18
204
86
82
6
80
81
86
20
83
54
103
84
56
43
23
86
103
20
83
81
84
6
56
204
6
20
83
78
43
23
84
18
88
80
6
86
54
78
23
18
20
84
63
82
23
103
43
18
81
204
78
54
56
83
80
81
84
18
204
83
43
6
63
60
18
86
103
81
6
23
54
80
56
60
81
86
83
18
84
23
204
43
60
42
23
103
81
43
84
20
78
86
56
18
23
43
80
86
83
204
20
103
42
54
204
86
81
6
54
103
18
84
60
80
86
80
204
6
78
23
81
83
56
84
204
83
54
103
6
86
20
81
63
56
78
18
43
204
54
83
81
103
60
42
204
86
6
20
54
18
43
80
42
78
80
204
78
86
18
23
43
103
63
88
83
80
84
20
18
204
78
103
63
82
43
84
23
81
103
6
78
18
42
60
81
84
204
23
83
54
78
20
60
56
23
43
80
78
204
84
54
20
88
82
81
103
6
86
84
54
20
78
82
56
54
81
6
80
23
78
86
43
63
82
20
43
103
80
83
54
78
6
56
23
78
83
103
23
20
80
84
43
88
204
103
78
80
43
20
86
54
81
56
82
103
23
6
83
78
18
204
20
56
81
6
43
204
80
84
81
78
103
63
83
18
86
83
80
204
81
23
84
82
6
81
204
18
78
103
54
43
86
82
84
20
84
23
86
78
204
81
18
88
83
78
43
20
81
86
83
103
84
42
82