85
84
82
1
57
16
78
165
118
19
120
83
148
111
109
57
230
118
165
78
50
148
57
109
83
128
19
118
70
110
120
83
85
111
1
50
70
230
118
251
109
111
1
85
84
29
165
7
70
251
50
109
111
29
84
1
153
70
118
78
128
82
29
50
1
48
78
70
51
230
50
111
109
48
120
84
230
51
165
19
16
82
196
84
85
29
138
78
7
230
120
16
1
50
192
148
70
51
110
251
192
120
85
196
1
82
138
153
19
251
109
192
29
128
111
196
110
165
230
153
84
29
192
196
111
57
165
230
51
78
82
29
48
120
109
192
110
118
153
19
192
83
109
1
29
111
153
251
51
19
111
109
192
83
85
57
110
251
78
70
1
128
57
85
83
192
51
138
78
251
148
196
111
83
84
50
110
138
19
230
192
48
111
120
57
109
251
7
19
138
85
84
128
50
83
48
7
118
19
153
48
148
109
120
16
128
251
51
138
7
1
29
83
111
84
48
7
165
251
110
83
128
57
109
85
82
153
251
78
19
48
85
57
196
29
192
153
19
251
7
83
192
57
50
148
120
153
251
230
110
120
148
196
1
109
83
51
118
7
70
1
84
29
148
50
85
153
251
165
118
111
82
128
1
192
29
165
138
110
153
48
109
50
196
148
29
78
153
138
230
196
192
111
29
120
1
165
138
230
51
120
111
1
128
82
109
230
7
153
165
50
109
120
29
48
192
78
230
110
251
1
196
109
84
29
16
251
230
110
118
29
1
85
128
83
82
165
110
51
78
29
128
196
111
57
192
110
70
51
153
50
57
1
85
109
84
78
153
118
165
16
84
85
50
148
111
153
110
70
7
148
109
128
48
85
83
153
70
51
138
82
1
196
83
57
85
118
19
7
153
192
111
85
83
148
16
251
118
138
110
85
84
83
109
50
128
165
118
110
78
120
85
82
48
192
16
230
7
70
251
1
128
48
84
148
82
230
118
251
70
196
111
1
16
148
57
7
251
230
138
109
192
48
82
50
128
118
19
230
7
196
128
16
85
192
29
251
78
19
230
1
48
29
120
57
109
138
19
165
70
16
196
1
148
128
83
138
118
230
70
48
1
192
16
148
29
19
110
230
51
50
192
29
111
83
16
251
230
78
70