42
68
3
78
95
95
97
68
42
81
3
95
68
78
97
78
97
42
95
3
97
68
95
78
1
95
42
3
78
1
78
68
3
42
80
3
95
42
78
81
42
78
3
68
81
68
78
42
95
80
3
97
42
78
81
42
78
95
97
80
42
78
97
68
80
3
68
78
42
80
68
42
78
3
97
68
42
97
78
19
97
3
68
42
95
42
97
78
68
19
3
97
78
42
96
78
42
3
97
80
78
3
42
95
18
3
42
97
95
81
97
3
95
68
18
42
95
68
3
80
78
97
42
95
3
95
42
68
97
19
68
42
78
95
96
68
42
3
95
97
95
42
78
3
19
78
97
95
3
19
95
78
68
3
19
42
78
97
3
19
42
95
68
78
97
97
95
42
68
96
42
95
3
68
19
3
78
68
42
81
3
68
95
97
42
97
3
78
95
96
3
78
97
95
96
68
78
3
42
1
95
3
42
78
68
78
97
42
3
1
3
42
95
78
68
68
78
42
3
1
42
95
78
68
80
68
95
3
42
81
3
78
95
68
81
3
42
78
97
18
78
95
3
42
19
78
3
95
97
68