86
43
107
35
34
33
107
109
34
37
109
21
107
34
25
86
33
80
37
25
21
107
33
25
34
109
1
21
37
25
77
107
21
37
34
21
86
77
34
25
77
107
21
35
25
43
1
77
25
37
109
86
21
37
34
107
1
77
25
35
33
109
77
35
37
21
86
77
25
37
107
21
109
37
35
21
107
1
37
34
43
21
107
35
25
43
21
107
35
37
77
80
1
37
25
80
1
107
25
37
43
109
107
37
25
86
109
21
25
35
1
21
77
37
25
109
80
33
35
25
21
80
33
34
25
86
77
21
34
37
80
77
86
35
37
86
43
1
34
37
107
80
86
37
34
33
109
107
25
37
1
107
86
35
25
21
33
1
35
25
33
86
43
37
25
107
21
33
37
34
33
1
86
25
35
1
107
43
35
37
33
80
109
37
25
21
80
33
34
35
107
109
86
25
34
109
1
86
34
35
77
107
86
25
35
109
1
77
34
25
77
43
1
34
25
33
77
21
34
35
33
86
77
25
35
107
77
1
25
35
77
43
107
25
35
33
109
21
35
34
21
33
77
34
25
77
107
109
37
25