33
27
29
11
45
6
11
33
27
7
29
27
33
109
45
46
6
11
27
45
33
29
109
27
6
109
27
6
46
33
6
46
29
11
45
29
109
46
33
6
109
46
11
33
6
46
29
33
11
109
33
46
6
11
27
33
11
46
29
27
27
6
29
11
46
27
109
11
33
45
109
6
11
29
27
11
29
33
109
45
46
33
6
109
7
33
11
6
27
109
29
46
6
11
33
27
29
109
6
60
46
27
6
11
29
33
27
109
11
6
29
27
46
11
45
29
6
109
33
60
29
109
6
46
27
11
29
46
33
45
109
27
29
33
60
11
29
33
6
109
6
11
27
109
45
11
46
109
33
60
29
6
33
46
60
33
46
11
6
45
11
46
109
27
33
46
27
6
33
29
46
29
27
11
6
11
33
109
27
45
11
33
27
109
45
11
6
109
29
46
6
27
46
109
29
11
33
6
27
46
27
109
29
11
6
11
33
109
46
29
46
11
33
6
45
11
6
27
109
60
29
27
109
6
33
6
11
33
109
7
27
6
46
11
109
33
29
27
6
45
27
6
11
29
109
109
46
27
11
29