103
35
39
151
34
135
2
95
40
99
88
229
35
103
4
151
94
2
244
157
39
103
34
89
41
135
99
157
40
38
35
163
135
4
103
153
157
177
38
99
88
229
151
39
103
41
177
38
40
95
229
153
89
4
36
163
40
38
95
241
135
89
229
39
153
36
99
157
95
40
39
89
34
88
135
4
157
95
2
94
34
39
88
35
163
89
40
99
94
177
41
163
103
153
88
35
99
38
40
157
36
35
88
135
39
89
95
99
241
38
89
4
163
34
39
88
94
99
241
2
41
88
36
163
89
229
241
94
177
38
39
34
41
89
4
36
241
95
38
177
89
41
153
151
34
4
99
177
157
38
88
34
36
89
163
153
241
2
177
40
163
153
229
39
89
151
94
157
99
38
135
89
41
229
153
163
157
38
94
241
229
151
35
163
153
89
38
177
40
94
39
151
135
89
41
36
241
157
94
244
151
88
34
153
36
41
2
177
40
157
35
34
153
163
229
103
244
241
38
177
229
4
135
89
35
36
244
40
99
241
39
36
41
163
153
4
38
95
2
244
103
41
34
4
153
135
38
95
177
94
89
41
163
88
153
39
95
94
241
40
39
135
163
88
229
41
241
40
38
94
35
103
153
151
229
34
99
241
177
95
135
35
88
41
103
4
99
244
94
177
41
88
151
135
229
35
244
2
95
241
34
103
36
89
35
135
99
94
177
157
41
36
89
39
153
88
241
177
95
94
135
41
163
153
35
151
157
241
244
38
88
4
34
35
103
135
177
241
244
2
41
4
89
88
39
103
157
177
241
2
103
88
153
229
89
163
157
244
94
99
103
88
153
35
36
151
157
99
241
38
88
34
4
103
135
36
95
40
38
99
151
135
103
88
89
4
99
157
38
94
36
135
41
4
151
103
99
94
157
241
153
41
34
36
35
135
38
241
99
94
41
36
103
151
88
35
177
2
244
40
35
89
151
36
163
41
157
40
2
241
41
4
229
35
34
89
38
177
94
40
88
35
4
89
135
39
2
95
94
177
153
4
163
88
34
35
99
38
241
177
163
88
35
39
151
153
241
177
244
40
163
35
103
36
88
229
40
244
241
2
135
88
39
153
34
89
99
244
38
2
103
135
36
151
153
34
40
241
244
38