269
13
229
263
228
277
295
287
214
121
234
124
228
339
13
261
277
295
214
290
339
228
269
13
229
121
295
214
287
277
217
234
124
294
228
290
510
287
295
261
263
260
124
282
229
273
290
277
214
510
4
263
229
260
339
273
510
287
277
290
228
124
217
229
260
277
510
121
273
295
234
228
339
263
269
287
290
261
121
277
260
228
229
4
234
121
295
510
261
287
269
260
228
229
13
510
214
261
121
277
217
13
228
263
234
273
214
295
121
510
263
282
339
217
269
277
273
261
214
121
229
294
263
124
234
277
273
295
287
121
263
229
282
4
13
510
277
290
287
214
228
217
282
269
260
510
261
214
273
121
229
339
260
228
269
277
214
273
290
261
229
339
217
294
13
277
273
261
214
295
269
294
217
124
228
277
273
287
510
295
282
294
260
263
124
121
273
287
261
295
234
13
229
4
263
295
277
290
273
214
263
339
269
294
234
510
290
295
261
273
124
294
263
260
13
287
214
510
261
290
4
294
234
228
217
295
277
273
287
121
234
229
260
263
4
261
277
510
214
295
294
4
228
269
234
287
290
121
214
295
228
124
217
234
294
273
295
121
290
261
294
228
260
124
282
277
121
273
290
295
269
263
13
4
228
510
214
287
261
273
294
217
260
234
229
273
121
295
261
277
229
339
260
269
217
287
510
121
290
261
124
217
229
263
234
273
277
214
121
510
263
124
339
229
282
277
290
287
295
121
217
339
228
260
234
261
290
510
214
295
263
229
339
260
234
214
287
295
510
273
4
228
263
294
124
510
295
290
261
214
124
229
217
234
339
121
277
287
273
214
4
263
229
217
260
510
290
273
287
214
229
260
294
13
228
510
261
214
295
121
269
282
217
234
124
290
214
121
510
273
13
4
263
229
282
121
290
273
261
295
4
294
228
217
339
287
277
273
510
290
234
217
260
339
269
295
510
273
277
290
217
339
282
263
124
290
214
121
261
295
124
4
263
260
282
121
287
290
273
277
229
260
234
124
228
295
121
273
287
290
4
294
217
282
269
277
295
287
273
121
263
339
229
124
269
121
290
273
214
287
217
4
269
234
260
273
261
295
290
121
13
228
124
263
282
214
510
277
287
290
229
282
228
4
217
277
121
273
510
287