282
140
153
166
54
177
323
573
113
151
976
188
485
575
101
10
163
273
377
551
169
54
214
2
145
573
323
151
170
555
575
188
377
551
163
976
273
66
10
485
71
170
90
294
165
54
134
151
185
473
163
101
188
66
976
485
377
575
273
551
555
6
177
239
473
170
573
282
166
134
163
66
575
101
485
377
976
551
273
10
170
71
473
239
134
294
323
140
54
1
377
188
485
976
10
66
273
163
551
101
214
185
145
727
473
198
54
169
90
153
273
10
976
575
551
66
377
163
188
101
166
727
177
185
151
169
153
140
294
239
188
575
485
101
66
163
976
551
273
10
239
198
169
54
151
90
294
6
140
153
188
101
163
10
976
377
485
551
575
66
555
2
6
198
177
282
166
140
473
323
551
575
485
101
10
377
66
188
273
163
1
239
90
151
113
323
6
573
166
71
551
273
485
188
66
10
976
101
377
575
54
166
185
555
294
573
165
145
140
153
66
163
485
273
976
575
377
551
188
101
153
6
145
198
177
169
1
473
294
113
976
188
377
485
575
10
163
66
273
101
473
727
54
2
169
198
170
573
151
153
273
163
485
575
10
101
551
188
66
976
294
198
6
727
90
555
113
134
214
165
66
101
188
575
273
377
485
10
976
163
170
2
6
169
92
71
573
282
153
140
485
377
976
66
101
188
273
10
551
575
555
727
177
71
198
239
573
113
473
134
551
188
163
485
66
575
976
10
101
273
165
185
727
54
134
151
282
177
2
153
575
10
976
273
485
101
163
188
551
66
166
153
140
145
134
573
92
214
170
165
273
163
377
485
575
551
101
10
188
976
140
177
113
134
145
92
323
6
473
151
10
188
976
485
575
273
66
377
163
551
1
2
90
92
198
214
239
573
169
153
485
163
976
101
273
575
188
66
551
10
473
239
1
134
555
214
294
54
153
727
66
163
377
551
188
273
10
101
575
485
185
166
573
198
169
134
282
323
239
145
575
377
976
188
485
101
10
273
163
66
198
185
90
169
282
214
1
151
165
166
101
188
551
575
273
976
485
163
66
377
573
54
170
145
165
198
294
185
134
239
377
163
976
485
10
551
101
273
575
66
473
140
185
198
92
166
294
170
169
282
188
101
273
575
66
377
10
485
163
551
165
151
282
166
92
71
6
323
185
145
976
551
188
101
10
377
273
163
66
575
140
145
169
282
198
177
323
573
134
151
163
976
101
66
188
575
273
10
551
377
555
153
573
1
323
214
294
170
54
198
485
976
551
66
273
101
10
377
188
575
198
239
282
170
71
6
165
151
92
54
101
377
66
273
575
551
188
10
976
163
555
2
473
294
169
166
170
151
54
140
377
575
273
163
66
10
551
101
188
976
90
145
6
166
282
177
198
555
113
71
188
575
66
101
551
976
485
273
377
10
214
140
92
166
169
282
90
473
71
323
485
575
101
273
188
551
377
976
10
163
169
177
151
198
92
145
134
573
153
727
485
575
163
377
551
976
101
188
10
66
294
151
90
282
323
92
727
71
140
165
976
485
163
575
66
101
273
377
188
10
54
145
573
323
198
71
166
214
92
294
163
273
377
976
101
188
575
551
10
485
1
113
169
294
185
166
145
54
555
282
551
273
101
10
485
976
575
163
66
377
54
177
573
198
555
134
166
113
165
145
101
163
976
551
575
273
485
188
10
66
6
145
185
323
1
177
294
166
170
151
551
163
10
976
485
101
66
188
575
273
2
165
294
198
169
1
166
145
214
113
485
551
976
188
273
575
163
101
10
66
145
6
90
198
239
177
165
140
92
282
485
551
101
575
976
66
10
163
377
273
198
54
165
170
169
727
294
282
177
214
551
377
976
485
163
66
101
10
273
188
140
71
134
185
54
151
177
1
323
166
273
163
10
976
188
101
485
551
66
575
71
170
555
153
145
169
323
2
6
1
188
976
485
163
551
575
273
66
101
377
166
153
573
323
145
90
54
239
727
185
575
101
485
377
273
66
976
10
188
163
185
294
145
239
727
92
90
282
151
6
273
66
163
10
188
575
551
976
377
485
90
153
169
165
166
727
2
54
573
239
377
976
163
575
273
188
485
101
66
551
177
473
573
555
165
90
185
198
294
727
66
101
575
485
551
377
976
273
188
163
113
170
555
239
169
727
165
153
54
198
551
485
66
10
163
273
575
976
188
377
323
54
214
727
1
153
198
573
151
71
163
101
273
551
976
10
575
377
188
485
90
323
177
140
282
165
54
214
170
185
377
551
575
273
101
485
163
10
188
66