23
25
104
94
97
112
95
29
593
126
45
201
88
743
41
24
58
39
223
109
23
25
104
94
97
112
95
29
593
126
45
201
88
743
41
24
58
39
223
109
23
25
104
94
97
112
95
29
593
126
45
201
88
743
41
24
58
39
223
109
23
25
104
94
97
112
95
29
593
126
45
201
88
743
41
24
58
39
223
109
23
25
104
94
97
112
95
29
593
126
45
201
88
743
41
24
58
39
223
109
23
25
104
94
97
112
95
29
593
126
45
201
88
743
41
24
58
39
223
109
23
25
104
94
97
112
95
29
593
126
45
201
88
743
41
24
58
39
223
109
23
25
104
94
97
112
95
29
593
126
45
201
88
743
41
24
58
39
223
109
23
25
104
94
97
112
95
29
593
126
45
201
88
743
41
24
58
39
223
109
23
25
104
94
97
112
95
29
593
126
45
201
88
743
41
24
58
39
223
109
23
25
104
94
97
112
95
29
593
126
45
201
88
743
41
24
58
39
223
109
23
25
104
94
97
112
95
29
593
126
45
201
88
743
41
24
58
39
223
109
23
25
104
94
97
112
95
29
593
126
45
201
88
743
41
24
58
39
223
109
23
25
104
94
97
112
95
29
593
126
45
201
88
743
41
24
58
39
223
109
23
25
104
94
97
112
95
29
593
126
45
201
88
743
41
24
58
39
223
109
23
25
104
94
97
112
95
29
593
126
45
201
88
743
41
24
58
39
223
109
23
25
104
94
97
112
95
29
593
126
45
201
88
743
41
24
58
39
223
109
23
25
104
94
97
112
95
29
593
126
45
201
88
743
41
24
58
39
223
109
23
25
104
94
97
112
95
29
593
126
45
201
88
743
41
24
58
39
223
109
23
25
104
94
97
112
95
29
593
126
45
201
88
743
41
24
58
39
223
109
23
25
104
94
97
112
95
29
593
126
45
201
88
743
41
24
58
39
223
109
23
25
104
94
97
112
95
29
593
126
45
201
88
743
41
24
58
39
223
109
23
25
104
94
97
112
95
29
593
126
45
201
88
743
41
24
58
39
223
109
23
25
104
94
97
112
95
29
593
126
45
201
88
743
41
24
58
39
223
109
23
25
104
94
97
112
95
29
593
126
45
201
88
743
41
24
58
39
223
109
23
25
104
94
97
112
95
29
593
126
45
201
88
743
41
24
58
39
223
109
23
25
104
94
97
112
95
29
593
126
45
201
88
743
41
24
58
39
223
109
23
25
104
94
97
112
95
29
593
126
45
201
88
743
41
24
58
39
223
109
23
25
104
94
97
112
95
29
593
126
45
201
88
743
41
24
58
39
223
109
23
25
104
94
97
112
95
29
593
126
45
201
88
743
41
24
58
39
223
109
23
25
104
94
97
112
95
29
593
126
45
201
88
743
41
24
58
39
223
109
23
25
104
94
97
112
95
29
593
126
45
201
88
743
41
24
58
39
223
109
23
25
104
94
97
112
95
29
593
126
45
201
88
743
41
24
58
39
223
109
23
25
104
94
97
112
95
29
593
126
45
201
88
743
41
24
58
39
223
109
23
25
104
94
97
112
95
29
593
126
45
201
88
743
41
24
58
39
223
109
23
25
104
94
97
112
95
29
593
126
45
201
88
743
41
24
58
39
223
109
23
25
104
94
97
112
95
29
593
126
45
201
88
743
41
24
58
39
223
109
23
25
104
94
97
112
95
29
593
126
45
201
88
743
41
24
58
39
223
109
23
25
104
94
97
112
95
29
593
126
45
201
88
743
41
24
58
39
223
109
23
25
104
94
97
112
95
29
593
126
45
201
88
743
41
24
58
39
223
109
23
25
104
94
97
112
95
29
593
126
45
201
88
743
41
24
58
39
223
109
23
25
104
94
97
112
95
29
593
126
45
201
88
743
41
24
58
39
223
109
23
25
104
94
97
112
95
29
593
126
45
201
88
743
41
24
58
39
223
109
23
25
104
94
97
112
95
29
593
126
45
201
88
743
41
24
58
39
223
109
23
25
104
94
97
112
95
29
593
126
45
201
88
743
41
24
58
39
223
109
23
25
104
94
97
112
95
29
593
126
45
201
88
743
41
24
58
39
223
109
23
25
104
94
97
112
95
29
593
126
45
201
88
743
41
24
58
39
223
109
23
25
104
94
97
112
95
29
593
126
45
201
88
743
41
24
58
39
223
109
23
25
104
94
97
112
95
29
593
126
45
201
88
743
41
24
58
39
223
109
23
25
104
94
97
112
95
29
593
126
45
201
88
743
41
24
58
39
223
109