410
576
570
584
672
79
660
615
744
569
111
471
482
38
851
73
265
131
16
12
410
576
570
584
672
79
660
615
744
569
111
471
482
38
851
73
265
131
16
12
410
576
570
584
672
79
660
615
744
569
111
471
482
38
851
73
265
131
16
12
410
576
570
584
672
79
660
615
744
569
111
471
482
38
851
73
265
131
16
12
410
576
570
584
672
79
660
615
744
569
111
471
482
38
851
73
265
131
16
12
410
576
570
584
672
79
660
615
744
569
111
471
482
38
851
73
265
131
16
12
410
576
570
584
672
79
660
615
744
569
111
471
482
38
851
73
265
131
16
12
410
576
570
584
672
79
660
615
744
569
111
471
482
38
851
73
265
131
16
12
410
576
570
584
672
79
660
615
744
569
111
471
482
38
851
73
265
131
16
12
410
576
570
584
672
79
660
615
744
569
111
471
482
38
851
73
265
131
16
12
410
576
570
584
672
79
660
615
744
569
111
471
482
38
851
73
265
131
16
12
410
576
570
584
672
79
660
615
744
569
111
471
482
38
851
73
265
131
16
12
410
576
570
584
672
79
660
615
744
569
111
471
482
38
851
73
265
131
16
12
410
576
570
584
672
79
660
615
744
569
111
471
482
38
851
73
265
131
16
12
410
576
570
584
672
79
660
615
744
569
111
471
482
38
851
73
265
131
16
12
410
576
570
584
672
79
660
615
744
569
111
471
482
38
851
73
265
131
16
12
410
576
570
584
672
79
660
615
744
569
111
471
482
38
851
73
265
131
16
12
410
576
570
584
672
79
660
615
744
569
111
471
482
38
851
73
265
131
16
12
410
576
570
584
672
79
660
615
744
569
111
471
482
38
851
73
265
131
16
12
410
576
570
584
672
79
660
615
744
569
111
471
482
38
851
73
265
131
16
12
410
576
570
584
672
79
660
615
744
569
111
471
482
38
851
73
265
131
16
12
410
576
570
584
672
79
660
615
744
569
111
471
482
38
851
73
265
131
16
12
410
576
570
584
672
79
660
615
744
569
111
471
482
38
851
73
265
131
16
12
410
576
570
584
672
79
660
615
744
569
111
471
482
38
851
73
265
131
16
12
410
576
570
584
672
79
660
615
744
569
111
471
482
38
851
73
265
131
16
12
410
576
570
584
672
79
660
615
744
569
111
471
482
38
851
73
265
131
16
12
410
576
570
584
672
79
660
615
744
569
111
471
482
38
851
73
265
131
16
12
410
576
570
584
672
79
660
615
744
569
111
471
482
38
851
73
265
131
16
12
410
576
570
584
672
79
660
615
744
569
111
471
482
38
851
73
265
131
16
12
410
576
570
584
672
79
660
615
744
569
111
471
482
38
851
73
265
131
16
12
410
576
570
584
672
79
660
615
744
569
111
471
482
38
851
73
265
131
16
12
410
576
570
584
672
79
660
615
744
569
111
471
482
38
851
73
265
131
16
12
410
576
570
584
672
79
660
615
744
569
111
471
482
38
851
73
265
131
16
12
410
576
570
584
672
79
660
615
744
569
111
471
482
38
851
73
265
131
16
12
410
576
570
584
672
79
660
615
744
569
111
471
482
38
851
73
265
131
16
12
410
576
570
584
672
79
660
615
744
569
111
471
482
38
851
73
265
131
16
12
410
576
570
584
672
79
660
615
744
569
111
471
482
38
851
73
265
131
16
12
410
576
570
584
672
79
660
615
744
569
111
471
482
38
851
73
265
131
16
12
410
576
570
584
672
79
660
615
744
569
111
471
482
38
851
73
265
131
16
12
410
576
570
584
672
79
660
615
744
569
111
471
482
38
851
73
265
131
16
12
410
576
570
584
672
79
660
615
744
569
111
471
482
38
851
73
265
131
16
12
410
576
570
584
672
79
660
615
744
569
111
471
482
38
851
73
265
131
16
12
410
576
570
584
672
79
660
615
744
569
111
471
482
38
851
73
265
131
16
12
410
576
570
584
672
79
660
615
744
569
111
471
482
38
851
73
265
131
16
12
410
576
570
584
672
79
660
615
744
569
111
471
482
38
851
73
265
131
16
12
410
576
570
584
672
79
660
615
744
569
111
471
482
38
851
73
265
131
16
12
410
576
570
584
672
79
660
615
744
569
111
471
482
38
851
73
265
131
16
12
410
576
570
584
672
79
660
615
744
569
111
471
482
38
851
73
265
131
16
12
410
576
570
584
672
79
660
615
744
569
111
471
482
38
851
73
265
131
16
12
410
576
570
584
672
79
660
615
744
569
111
471
482
38
851
73
265
131
16
12