477
27
313
279
397
284
25
453
78
97
276
328
59
387
479
82
121
663
29
24
76
561
94
32
281
81
1074
717
480
178
525
87
614
179
1732
477
27
313
279
397
284
25
453
78
97
276
328
59
387
479
82
121
663
29
24
76
561
94
32
281
81
1074
717
480
178
525
87
614
179
1732
477
27
313
279
397
284
25
453
78
97
276
328
59
387
479
82
121
663
29
24
76
561
94
32
281
81
1074
717
480
178
525
87
614
179
1732
477
27
313
279
397
284
25
453
78
97
276
328
59
387
479
82
121
663
29
24
76
561
94
32
281
81
1074
717
480
178
525
87
614
179
1732
477
27
313
279
397
284
25
453
78
97
276
328
59
387
479
82
121
663
29
24
76
561
94
32
281
81
1074
717
480
178
525
87
614
179
1732
477
27
313
279
397
284
25
453
78
97
276
328
59
387
479
82
121
663
29
24
76
561
94
32
281
81
1074
717
480
178
525
87
614
179
1732
477
27
313
279
397
284
25
453
78
97
276
328
59
387
479
82
121
663
29
24
76
561
94
32
281
81
1074
717
480
178
525
87
614
179
1732
477
27
313
279
397
284
25
453
78
97
276
328
59
387
479
82
121
663
29
24
76
561
94
32
281
81
1074
717
480
178
525
87
614
179
1732
477
27
313
279
397
284
25
453
78
97
276
328
59
387
479
82
121
663
29
24
76
561
94
32
281
81
1074
717
480
178
525
87
614
179
1732
477
27
313
279
397
284
25
453
78
97
276
328
59
387
479
82
121
663
29
24
76
561
94
32
281
81
1074
717
480
178
525
87
614
179
1732
477
27
313
279
397
284
25
453
78
97
276
328
59
387
479
82
121
663
29
24
76
561
94
32
281
81
1074
717
480
178
525
87
614
179
1732
477
27
313
279
397
284
25
453
78
97
276
328
59
387
479
82
121
663
29
24
76
561
94
32
281
81
1074
717
480
178
525
87
614
179
1732
477
27
313
279
397
284
25
453
78
97
276
328
59
387
479
82
121
663
29
24
76
561
94
32
281
81
1074
717
480
178
525
87
614
179
1732
477
27
313
279
397
284
25
453
78
97
276
328
59
387
479
82
121
663
29
24
76
561
94
32
281
81
1074
717
480
178
525
87
614
179
1732
477
27
313
279
397
284
25
453
78
97
276
328
59
387
479
82
121
663
29
24
76
561
94
32
281
81
1074
717
480
178
525
87
614
179
1732
477
27
313
279
397
284
25
453
78
97
276
328
59
387
479
82
121
663
29
24
76
561
94
32
281
81
1074
717
480
178
525
87
614
179
1732
477
27
313
279
397
284
25
453
78
97
276
328
59
387
479
82
121
663
29
24
76
561
94
32
281
81
1074
717
480
178
525
87
614
179
1732
477
27
313
279
397
284
25
453
78
97
276
328
59
387
479
82
121
663
29
24
76
561
94
32
281
81
1074
717
480
178
525
87
614
179
1732
477
27
313
279
397
284
25
453
78
97
276
328
59
387
479
82
121
663
29
24
76
561
94
32
281
81
1074
717
480
178
525
87
614
179
1732
477
27
313
279
397
284
25
453
78
97
276
328
59
387
479
82
121
663
29
24
76
561
94
32
281
81
1074
717
480
178
525
87
614
179
1732
477
27
313
279
397
284
25
453
78
97
276
328
59
387
479
82
121
663
29
24
76
561
94
32
281
81
1074
717
480
178
525
87
614
179
1732
477
27
313
279
397
284
25
453
78
97
276
328
59
387
479
82
121
663
29
24
76
561
94
32
281
81
1074
717
480
178
525
87
614
179
1732
477
27
313
279
397
284
25
453
78
97
276
328
59
387
479
82
121
663
29
24
76
561
94
32
281
81
1074
717
480
178
525
87
614
179
1732
477
27
313
279
397
284
25
453
78
97
276
328
59
387
479
82
121
663
29
24
76
561
94
32
281
81
1074
717
480
178
525
87
614
179
1732
477
27
313
279
397
284
25
453
78
97
276
328
59
387
479
82
121
663
29
24
76
561
94
32
281
81
1074
717
480
178
525
87
614
179
1732
477
27
313
279
397
284
25
453
78
97
276
328
59
387
479
82
121
663
29
24
76
561
94
32
281
81
1074
717
480
178
525
87
614
179
1732
477
27
313
279
397
284
25
453
78
97
276
328
59
387
479
82
121
663
29
24
76
561
94
32
281
81
1074
717
480
178
525
87
614
179
1732
477
27
313
279
397
284
25
453
78
97
276
328
59
387
479
82
121
663
29
24
76
561
94
32
281
81
1074
717
480
178
525
87
614
179
1732
477
27
313
279
397
284
25
453
78
97
276
328
59
387
479
82
121
663
29
24
76
561
94
32
281
81
1074
717
480
178
525
87
614
179
1732
477
27
313
279
397
284
25
453
78
97
276
328
59
387
479
82
121
663
29
24
76
561
94
32
281
81
1074
717
480
178
525
87
614
179
1732
477
27
313
279
397
284
25
453
78
97
276
328
59
387
479
82
121
663
29
24
76
561
94
32
281
81
1074
717
480
178
525
87
614
179
1732
477
27
313
279
397
284
25
453
78
97
276
328
59
387
479
82
121
663
29
24
76
561
94
32
281
81
1074
717
480
178
525
87
614
179
1732
477
27
313
279
397
284
25
453
78
97
276
328
59
387
479
82
121
663
29
24
76
561
94
32
281
81
1074
717
480
178
525
87
614
179
1732
477
27
313
279
397
284
25
453
78
97
276
328
59
387
479
82
121
663
29
24
76
561
94
32
281
81
1074
717
480
178
525
87
614
179
1732
477
27
313
279
397
284
25
453
78
97
276
328
59
387
479
82
121
663
29
24
76
561
94
32
281
81
1074
717
480
178
525
87
614
179
1732
477
27
313
279
397
284
25
453
78
97
276
328
59
387
479
82
121
663
29
24
76
561
94
32
281
81
1074
717
480
178
525
87
614
179
1732
477
27
313
279
397
284
25
453
78
97
276
328
59
387
479
82
121
663
29
24
76
561
94
32
281
81
1074
717
480
178
525
87
614
179
1732
477
27
313
279
397
284
25
453
78
97
276
328
59
387
479
82
121
663
29
24
76
561
94
32
281
81
1074
717
480
178
525
87
614
179
1732
477
27
313
279
397
284
25
453
78
97
276
328
59
387
479
82
121
663
29
24
76
561
94
32
281
81
1074
717
480
178
525
87
614
179
1732
477
27
313
279
397
284
25
453
78
97
276
328
59
387
479
82
121
663
29
24
76
561
94
32
281
81
1074
717
480
178
525
87
614
179
1732
477
27
313
279
397
284
25
453
78
97
276
328
59
387
479
82
121
663
29
24
76
561
94
32
281
81
1074
717
480
178
525
87
614
179
1732
477
27
313
279
397
284
25
453
78
97
276
328
59
387
479
82
121
663
29
24
76
561
94
32
281
81
1074
717
480
178
525
87
614
179
1732
477
27
313
279
397
284
25
453
78
97
276
328
59
387
479
82
121
663
29
24
76
561
94
32
281
81
1074
717
480
178
525
87
614
179
1732
477
27
313
279
397
284
25
453
78
97
276
328
59
387
479
82
121
663
29
24
76
561
94
32
281
81
1074
717
480
178
525
87
614
179
1732
477
27
313
279
397
284
25
453
78
97
276
328
59
387
479
82
121
663
29
24
76
561
94
32
281
81
1074
717
480
178
525
87
614
179
1732
477
27
313
279
397
284
25
453
78
97
276
328
59
387
479
82
121
663
29
24
76
561
94
32
281
81
1074
717
480
178
525
87
614
179
1732
477
27
313
279
397
284
25
453
78
97
276
328
59
387
479
82
121
663
29
24
76
561
94
32
281
81
1074
717
480
178
525
87
614
179
1732
477
27
313
279
397
284
25
453
78
97
276
328
59
387
479
82
121
663
29
24
76
561
94
32
281
81
1074
717
480
178
525
87
614
179
1732
477
27
313
279
397
284
25
453
78
97
276
328
59
387
479
82
121
663
29
24
76
561
94
32
281
81
1074
717
480
178
525
87
614
179
1732
477
27
313
279
397
284
25
453
78
97
276
328
59
387
479
82
121
663
29
24
76
561
94
32
281
81
1074
717
480
178
525
87
614
179
1732