47
80
222
83
219
310
229
210
342
84
12
225
232
310
236
22
229
210
342
47
12
78
80
232
222
280
229
210
219
310
12
310
47
236
80
280
229
210
219
78
89
232
47
222
280
12
229
210
78
22
273
83
22
222
225
78
229
210
310
89
222
342
22
84
225
273
229
210
219
89
78
232
12
84
83
47
229
210
236
89
12
225
222
83
22
47
229
210
342
236
219
342
273
310
47
232
229
210
222
280
47
222
280
310
84
80
229
210
83
22
12
222
83
225
80
310
229
210
342
273
89
310
342
222
273
280
229
210
47
83
232
219
22
222
273
80
229
210
225
12
83
80
84
78
310
342
229
210
273
219
236
47
310
280
232
84
229
210
273
89
236
222
310
80
47
83
229
210
273
89
232
78
89
236
12
225
229
210
47
80
84
222
22
12
310
47
229
210
89
236
280
273
84
78
232
342
229
210
236
222
89
12
280
84
225
222
229
210
80
273
236
219
225
280
80
222
229
210
310
47
89
280
232
222
225
83
229
210
219
22
225
89
232
83
222
47
229
210
273
236
80
280
232
219
22
47
229
210
236
273
47
273
222
310
342
83
229
210
280
84
89
78
80
280
232
47
229
210
12
219
47
280
342
225
219
232
229
210
22
83
80
236
89
222
273
83
229
210
280
310
12
222
83
280
273
80
229
210
342
22
232
225
22
89
222
84
229
210
219
12
310
236
280
222
219
83
229
210
22
225
12
84
222
47
273
225
229
210
78
80
236
232
342
78
222
47
229
210
225
83
280
84
12
310
232
83
229
210
225
342
273
78
47
310
89
22
229
210
83
236
222
83
310
225
342
273
229
210
80
84
22
47
225
280
232
12
229
210
83
84
219
84
273
47
89
83
229
210
225
232
225
78
280
222
89
12
229
210
219
236
219
232
22
84
280
222
229
210
273
310
280
273
342
310
236
84
229
210
219
225
83
78
236
232
222
12
229
210
310
84
80
232
310
78
342
89
229
210
280
225
219
47
225
222
280
12
229
210
80
83
84
219
22
89
225
80
229
210
342
280
83
310
47
225
219
22
229
210
84
80
342
222
78
225
22
310
229
210
232
83
89
280
84
78
83
273
229
210
12
219
12
78
83
280
22
89
229
210
236
80