221
113
87
241
125
60
168
222
23
373
114
221
18
125
87
225
205
222
168
373
18
225
209
87
472
60
199
168
56
205
225
166
113
87
114
209
373
222
205
65
18
166
209
87
125
111
168
65
205
222
125
221
209
114
225
241
205
222
65
56
225
166
125
87
209
111
56
65
205
23
114
472
166
87
221
125
222
56
199
373
209
241
113
111
472
166
205
222
168
23
241
60
225
209
111
166
65
373
168
199
241
225
221
87
166
113
199
222
373
56
111
87
60
221
472
113
373
205
23
168
221
18
209
225
472
166
205
199
373
23
209
18
125
87
225
166
56
23
205
65
125
225
472
87
114
111
373
222
23
56
209
472
125
241
114
221
56
168
23
65
125
221
60
166
113
114
168
65
56
373
209
113
60
114
125
18
373
65
23
168
241
113
125
209
87
114
168
56
65
373
209
125
241
166
87
114
205
168
222
373
166
111
114
60
241
221
23
56
373
199
114
87
113
225
166
209
56
222
199
205
60
166
472
241
111
225
222
65
23
56
241
125
225
114
111
209
205
65
56
222
166
241
113
225
111
472
65
23
56
205
60
87
125
221
166
18
373
56
23
168
209
18
125
111
472
113
205
168
56
23
87
111
125
114
113
221
56
373
65
23
225
87
125
18
111
60
373
205
199
65
111
209
241
125
87
221
199
168
56
65
225
113
18
114
87
241
65
222
56
168
221
209
125
87
111
114
23
222
65
168
209
472
125
111
225
113
23
205
222
168
125
209
241
221
111
87
56
373
23
199
60
221
209
241
114
472
168
222
23
199
18
60
166
113
114
225
56
205
373
222
113
18
221
209
87
114
56
373
199
205
114
221
166
60
18
125
222
199
373
56
125
241
111
221
87
18
23
168
205
65
225
125
111
472
114
221
65
23
56
373
111
209
113
225
18
166
222
199
65
168
166
87
60
113
111
472
222
373
168
56
18
166
472
125
221
114
205
65
373
222
113
166
60
209
472
114
222
65
205
56
472
241
111
87
221
18
56
23
205
168
166
18
225
114
472
87
23
199
168
65
241
166
114
225
125
18
199
56
65
222
166
472
113
111
241
114
199
222
56
65
166
113
60
87
225
111
222
65
56
373
166
221
111
225
209
113
65
199
168
205