51
49
371
192
146
3
249
143
323
196
67
26
189
49
47
249
323
424
196
131
146
189
280
135
38
131
3
249
196
143
98
146
280
38
189
424
3
323
131
143
271
146
38
117
98
323
196
143
131
249
38
371
321
49
192
424
3
323
196
143
371
4
135
189
37
323
249
424
196
143
4
192
135
98
271
196
323
3
143
131
135
39
117
51
98
3
196
143
131
249
192
117
47
371
37
424
131
3
323
196
26
37
271
192
4
3
424
143
323
131
135
39
38
116
4
323
249
131
3
143
117
37
38
26
51
323
196
424
249
131
38
37
67
321
189
249
196
424
143
3
116
51
26
135
67
196
424
131
323
143
280
51
146
39
38
249
131
424
323
143
116
38
51
47
4
323
424
3
249
143
49
280
146
135
38
131
3
323
196
143
37
39
117
192
51
3
131
323
249
424
38
116
47
4
39
3
143
249
323
131
371
192
189
49
38
196
143
131
424
3
47
39
271
26
244
143
131
3
424
196
321
98
38
37
4
249
424
131
196
3
98
39
189
271
26
143
323
249
131
196
192
37
371
98
135
131
249
143
196
3
47
280
37
116
321
3
196
131
143
424
135
37
321
67
38
424
143
323
249
131
39
146
98
280
189
143
249
323
196
3
37
117
49
371
51
143
131
323
3
196
51
192
49
146
47
3
424
196
323
131
271
189
37
4
49
196
424
249
3
323
51
280
271
39
67
143
196
249
323
3
47
280
37
98
67
3
424
249
131
323
146
51
244
47
67
143
131
249
3
196
37
280
38
116
98
143
131
424
3
323
47
321
39
146
67
196
424
3
323
131
26
98
4
135
371
424
131
323
196
249
49
39
244
38
116
323
131
3
196
249
135
116
189
117
47
323
424
143
196
3
98
4
371
280
117
424
323
249
131
196
192
67
280
26
135
3
249
323
131
143
280
67
4
244
135
131
143
196
3
424
189
38
4
192
98
143
131
424
196
323
280
321
192
271
51
3
249
323
196
143
244
49
192
98
47
249
424
196
3
323
116
51
189
49
39
323
249
131
143
424
321
47
39
371
117
249
143
196
131
3
51
26
116
189
49
323
424
3
249
143
189
4
116
47
98
196
249
143
424
3
135
116
244
371
192
196
131
323
424
143