104
21
398
17
32
141
136
402
129
46
971
24
868
286
166
429
1
20
14
280
585
145
160
828
21
104
16
30
15
121
1
429
280
24
286
33
14
971
20
130
228
96
121
21
104
18
402
596
136
664
1
420
14
447
239
20
130
868
481
24
828
175
402
160
228
103
145
40
106
181
447
1
20
176
429
239
868
134
14
420
104
324
240
190
398
30
17
96
18
102
134
420
1
447
669
14
839
33
130
481
141
136
596
129
40
175
104
664
32
240
669
280
20
130
176
14
839
166
1
971
664
136
104
103
32
398
102
228
324
18
839
868
20
33
134
429
130
166
971
1
40
240
104
596
228
46
398
160
402
585
481
669
447
868
33
130
286
1
280
429
96
141
136
399
16
103
15
190
145
181
839
14
481
280
166
24
420
176
868
130
402
585
828
190
160
324
398
664
30
141
33
868
130
134
429
839
24
420
447
14
96
585
34
324
596
121
30
398
18
160
1
166
669
33
130
286
239
176
868
20
34
145
104
35
21
175
46
828
160
129
280
33
286
481
176
134
447
429
669
868
46
129
828
596
585
40
104
141
398
15
130
280
839
14
971
429
868
166
669
420
121
664
35
828
17
40
30
15
424
228
420
481
20
447
669
14
130
33
1
176
664
121
106
136
18
21
15
129
32
141
20
176
14
134
280
33
239
971
420
669
96
828
35
399
46
16
104
106
664
121
669
20
33
14
286
134
130
239
971
481
15
160
102
103
145
136
424
106
21
190
669
134
420
1
839
286
24
447
280
971
103
175
240
17
96
129
402
121
585
18
130
839
176
669
20
447
429
24
971
239
30
129
32
136
399
190
145
828
46
228
971
166
868
1
14
420
280
447
239
839
16
141
324
40
21
828
240
136
160
424
24
239
14
839
447
420
280
20
1
286
34
175
664
240
190
16
104
324
96
17
24
1
839
239
481
420
447
280
669
134
18
190
402
30
399
103
104
102
46
160
420
134
429
20
33
839
14
1
166
971
129
181
324
46
664
175
106
424
40
190
447
176
868
166
24
239
14
429
130
1
145
102
240
16
21
228
104
17
398
46
1
134
130
24
839
971
166
20
33
447
15
424
828
34
129
160
596
106
190
398
176
24
429
420
20
971
481
239
14
130
141
402
17
32
21
129
324
40
106
96
868
286
24
447
20
280
669
420
130
1
402
40
30
35
585
145
21
190
175
596
1
447
420
130
669
24
286
868
176
239
228
324
664
16
129
106
35
103
240
30
286
481
14
134
166
420
33
868
239
280
175
141
96
40
18
828
15
21
16
228
669
20
868
33
134
176
280
971
14
447
40
136
96
828
15
145
121
102
16
46
971
176
481
24
420
20
33
447
134
669
664
18
102
596
16
424
402
17
398
35
429
286
239
971
839
1
447
20
176
481
190
17
21
46
160
102
106
398
228
175
166
839
447
286
420
20
429
868
134
14
35
181
15
324
16
104
30
228
106
96
286
239
280
447
669
420
481
1
130
24
102
585
18
17
40
16
240
596
21
175
134
14
24
176
20
669
1
971
481
280
402
15
129
18
240
21
160
181
35
145
24
1
447
669
33
280
839
130
239
166
32
585
664
46
34
16
399
129
96
106
239
134
839
286
429
1
447
971
24
166
160
121
181
15
228
30
103
402
32
424
176
130
420
166
1
280
134
447
971
429
103
35
15
402
129
240
30
18
16
17
239
24
166
130
20
429
868
481
971
669
240
46
402
129
18
398
399
17
664
32
280
669
14
176
429
868
166
839
33
1
190
32
40
96
145
102
228
324
46
664
420
24
429
839
868
669
447
971
166
280
160
103
32
402
596
145
106
104
96
35
839
130
166
1
280
971
134
239
20
669
228
18
102
35
121
160
585
240
40
17
839
420
280
447
1
20
24
134
971
14
190
828
398
181
585
103
664
145
228
34
1
14
839
33
420
868
166
20
280
447
18
145
585
175
424
17
596
104
16
106
839
166
1
176
971
286
130
868
669
239
324
240
129
30
121
21
664
34
15
103
839
286
239
1
868
166
280
420
14
447
104
141
596
136
18
398
106
121
828
190
1
447
14
839
420
429
868
24
176
166
664
21
30
16
136
160
228
103
15
828
280
429
166
1
839
33
130
868
14
669
664
136
35
17
402
141
40
145
190
596
33
134
280
1
14
20
130
24
447
286
398
424
399
585
121
175
190
324
17
21
134
868
429
33
286
447
14
971
166
130
16
402
398
175
240
46
145
324
664
17
420
239
868
20
286
130
280
839
1
481