878
109
996
139
1229
74
70
777
353
127
533
371
585
819
368
1402
101
399
361
625
533
861
615
370
1402
371
368
74
353
545
365
107
585
65
127
819
529
777
62
352
622
74
996
365
368
371
625
70
529
540
777
878
533
545
352
353
127
763
700
399
1229
399
546
861
127
625
878
133
62
353
368
622
326
139
83
370
996
361
371
763
109
529
777
107
101
625
83
763
533
353
352
370
365
399
326
545
70
878
546
74
878
133
763
1229
532
109
370
368
529
545
615
700
65
546
1402
127
819
540
62
352
532
585
123
861
625
996
622
65
763
109
1402
878
352
74
133
1229
101
326
371
370
585
371
326
625
615
777
352
70
540
361
123
139
107
109
763
529
127
83
878
353
365
1229
819
540
533
109
127
370
861
62
107
361
139
133
74
763
700
101
622
399
532
529
700
777
763
352
819
625
1402
361
62
878
83
368
133
65
585
365
545
533
625
368
109
326
361
139
533
700
70
615
353
585
878
62
1402
540
545
83
101
1229
109
1402
83
74
399
540
361
353
70
326
533
777
819
532
861
370
139
622
700
62
545
700
878
353
996
622
819
533
133
107
546
83
585
399
361
74
625
861
101
62
532
133
763
352
107
368
101
361
371
139
123
625
622
540
878
533
819
74
399
65
546
1229
819
399
353
361
996
777
763
585
127
326
615
133
109
622
368
74
101
700
399
533
70
861
133
996
878
763
615
365
361
532
107
109
127
819
529
123
585
139
65
139
585
361
370
777
133
532
529
101
622
399
1402
700
353
1229
365
819
107
533
127
62
123
352
139
585
371
532
615
101
777
529
370
365
861
1402
763
353
1229
361
996
352
878
74
123
133
763
139
1402
399
109
365
368
529
62
545
625
622
540
700
585
777
545
368
127
352
861
399
996
546
109
540
622
83
326
123
370
1229
139
529
365
101
532
326
622
763
861
878
83
353
70
109
65
107
361
996
123
1229
533
545
777
74
326
529
70
763
533
819
101
361
540
107
83
532
133
625
546
878
585
353
540
368
1229
622
545
878
700
133
365
107
532
109
1402
371
361
533
819
83
370
70
365
622
546
625
878
763
1402
585
615
123
700
368
370
540
101
371
1229
777
996
353
326
585
133
1402
861
365
123
352
370
546
540
107
1229
625
74
399
109
545
763
361
139
127
133
109
123
365
819
777
625
101
1402
996
399
529
533
361
107
368
763
615
107
996
533
878
532
368
399
353
139
1402
622
777
819
352
861
101
371
127
700
585
615
371
700
101
625
65
533
368
819
777
1402
127
861
326
585
996
1229
107
352
529
1402
625
353
109
370
107
399
127
62
365
532
65
352
529
700
83
533
123
133
585
615
878
777
109
101
133
1229
365
353
585
352
700
533
545
763
361
83
861
532
371
101
819
361
763
370
139
615
326
107
371
532
83
352
127
365
1229
399
65
625
546
352
878
62
368
533
540
74
326
819
1229
107
625
109
139
532
370
399
763
1402
127
622
353
546
1402
326
878
371
65
529
361
585
819
532
70
625
533
763
74
700
83
74
763
352
625
361
365
370
878
622
532
700
353
546
533
127
585
65
1402
615
540
353
819
878
352
540
777
70
529
326
399
368
532
861
370
546
83
533
1229
700
139
540
133
83
763
101
127
361
352
545
62
65
109
532
700
585
371
878
1402
777
353
371
700
399
533
361
540
763
1402
139
878
352
70
625
622
83
365
777
109
1229
545
139
529
585
365
615
996
133
101
353
127
878
533
368
70
777
861
109
763
625
361
127
371
123
585
83
101
370
777
74
763
352
326
529
65
861
368
996
532
546
1402
1229
365
109
133
1402
127
62
622
361
368
326
371
585
763
70
533
545
878
83
370
123
625
326
700
819
62
107
1229
65
861
371
1402
399
545
139
996
74
763
70
353
546
532
352
365
65
62
133
540
700
996
529
368
545
777
107
326
622
878
533
101
353
625
70
62
326
819
133
65
763
352
545
585
127
1402
109
83
540
123
532
1229
533
65
615
545
546
139
622
371
532
70
585
107
365
399
763
529
326
133
74
361
1402
133
585
74
545
107
540
123
1229
532
353
622
777
83
62
139
996
365
878
615
399
532
368
133
109
101
533
62
700
625
545
127
83
370
996
139
1229
1402
861
763
996
101
763
1402
352
819
399
861
371
700
368
139
70
365
545
533
370
133
65
585
1402
545
133
368
353
62
109
540
861
361
700
370
399
546
819
74
533
1229
326
532
545
996
763
819
622
139
532
101
368
83
123
65
540
615
109
1402
1229
529
107
133
1402
133
585
70
700
83
127
74
365
139
326
777
532
763
107
399
996
861
62
625