202
111
321
23
5
21
125
38
32
113
372
239
215
165
105
171
7
827
91
26
21
113
23
372
5
6
827
215
105
239
38
321
27
32
111
202
125
165
7
671
26
239
171
241
827
6
117
321
27
202
23
372
215
12
5
91
666
165
32
125
6
671
105
827
125
171
113
241
321
243
239
23
91
666
32
252
26
372
117
12
171
26
252
372
23
321
105
91
7
241
21
202
165
239
243
38
27
666
193
671
372
7
171
666
671
215
26
125
6
23
252
321
241
27
21
202
105
243
12
193
91
215
105
165
5
372
12
241
239
38
7
27
32
321
193
26
171
125
671
6
105
27
7
26
666
38
827
113
239
21
321
202
6
171
125
193
32
117
111
372
105
241
5
27
32
239
165
215
372
193
252
91
117
171
321
671
21
7
12
111
827
666
239
193
671
252
165
91
5
7
113
12
215
117
241
27
202
105
321
243
243
12
171
125
666
827
91
239
5
202
6
32
113
193
215
117
671
7
241
321
125
827
21
671
165
372
243
7
215
23
202
91
666
193
321
241
111
117
38
171
12
171
117
113
38
91
165
241
666
193
6
671
252
26
23
239
827
105
32
321
171
111
27
202
193
91
827
125
321
671
7
243
666
241
5
105
12
26
113
215
12
241
21
91
372
193
23
117
38
27
26
827
111
202
113
32
7
243
6
125
241
372
671
105
165
5
117
827
26
202
91
21
125
23
243
7
113
215
666
32
215
252
113
827
372
111
21
6
5
243
32
321
671
202
105
23
165
239
91
125
6
252
12
113
165
125
26
171
32
5
215
38
193
21
202
243
91
372
117
239
215
117
171
165
27
21
111
23
252
32
827
202
241
372
321
7
6
91
125
666
12
827
171
5
32
252
241
671
6
202
27
105
26
125
372
666
117
23
193
91
171
91
21
239
125
12
5
165
252
6
215
32
105
23
26
671
117
666
243
321
215
27
827
6
7
666
241
193
91
165
21
12
372
171
125
26
243
111
202
38
243
111
113
27
105
91
12
5
117
21
321
827
6
193
26
125
202
7
171
372
252
113
193
165
105
243
7
171
5
215
666
117
241
321
125
26
12
6
91
202
7
6
23
125
372
26
252
105
117
241
202
239
5
215
111
171
91
32
38
21
239
111
243
5
827
252
171
26
117
38
125
27
372
6
105
193
666
241
202
671
32
171
321
6
165
193
105
243
12
666
239
113
91
241
111
21
202
23
215
5
5
202
193
21
91
239
321
171
827
165
7
6
372
125
12
215
671
666
38
117
111
827
6
671
165
23
666
125
215
372
91
27
113
12
117
239
202
193
105
321
26
241
239
38
6
5
321
671
21
827
215
666
27
193
91
202
23
12
125
243
27
321
21
12
125
827
252
171
202
6
5
666
38
111
113
117
193
671
239
91
165
125
7
113
117
38
372
27
32
26
91
321
243
5
827
239
6
12
23
21
671
27
5
827
321
12
171
241
32
105
91
26
372
165
215
202
666
111
125
23
7
91
23
671
27
113
241
32
26
252
215
111
827
202
171
193
6
105
239
372
202
38
193
105
827
372
32
215
111
91
243
7
117
125
113
241
239
23
252
5
165
243
6
26
12
215
252
111
7
827
38
666
241
105
193
671
5
171
202
125
202
252
117
12
26
105
21
239
243
241
113
215
38
827
321
23
372
6
111
671
27
21
666
252
111
91
23
12
32
113
7
215
26
193
38
171
117
372
6
241
38
5
252
32
105
117
321
193
23
171
27
827
125
215
372
165
21
671
7
111
666
111
321
671
125
202
12
243
252
5
117
6
215
32
372
105
91
239
21
193
165
6
26
252
27
239
241
12
321
171
5
105
827
113
671
215
23
372
7
202
26
321
202
215
117
241
38
105
827
6
91
5
32
111
113
671
7
239
666
193
215
193
125
165
241
5
12
171
827
38
105
91
113
243
23
26
671
372
7
202
111
215
252
27
26
165
6
7
171
12
372
666
125
91
239
23
113
671
241
32
117
202
827
21
239
27
252
113
243
12
193
91
171
165
32
6
671
111
666
125
215
12
372
202
321
5
252
239
671
27
165
241
827
91
32
666
26
6
117
243
193
32
27
21
125
113
105
26
321
12
241
91
252
23
372
6
666
243
7
5
21
113
91
243
5
165
32
171
117
12
239
27
23
7
215
125
372
6
38
26
215
666
117
171
321
113
827
243
202
239
671
5
105
165
12
372
111
252
21
23
23
7
666
27
105
38
165
239
113
252
372
21
117
243
26
827
111
5
32
241