245
724
375
335
10
697
394
464
44
537
750
32
155
970
262
146
384
362
343
992
351
10
41
182
59
267
129
160
724
394
733
1159
657
750
155
569
68
362
992
56
341
44
335
38
764
363
483
354
43
806
32
992
68
657
1159
970
750
155
362
779
724
488
10
267
806
489
533
697
245
45
569
362
384
346
733
992
343
970
262
750
537
26
39
724
351
38
41
160
375
267
779
384
992
970
146
362
155
56
346
68
533
489
43
483
223
363
537
724
697
488
155
346
32
362
1159
123
750
569
68
56
489
537
38
345
394
45
724
806
26
464
750
68
346
779
970
262
362
155
384
992
724
464
341
697
43
764
38
363
10
39
1159
384
346
992
68
32
56
970
123
779
41
740
483
354
39
10
267
533
806
464
362
68
155
146
992
569
779
657
32
750
41
345
354
38
806
740
182
160
267
335
384
1159
346
68
146
779
56
657
569
123
537
375
489
806
38
740
223
335
41
533
750
992
346
262
779
569
970
68
146
123
38
129
488
182
267
223
740
45
351
537
779
733
343
123
262
362
970
56
146
1159
39
129
354
223
740
363
464
38
724
45
262
1159
970
657
750
992
56
733
362
779
537
351
43
806
335
182
464
235
129
39
155
68
32
970
992
384
733
569
262
56
341
59
34
394
724
43
182
806
335
537
155
569
779
68
750
343
384
1159
733
970
341
182
245
464
26
764
44
43
697
533
779
992
155
569
384
1159
68
146
362
346
740
533
537
38
341
34
488
394
182
267
155
1159
346
262
343
779
68
750
569
56
41
44
363
59
39
45
26
129
267
351
779
262
343
123
657
346
56
146
362
992
379
41
129
223
38
26
740
335
354
43
750
779
262
992
970
32
733
1159
569
346
26
345
182
764
483
160
341
45
363
41
657
343
32
384
1159
262
346
146
56
779
806
267
363
379
129
394
464
483
44
764
779
343
970
32
56
569
1159
992
68
750
764
39
464
26
533
489
43
351
724
354
146
733
362
657
262
56
155
569
343
384
489
41
39
45
245
351
764
394
533
483
992
155
343
346
262
657
750
970
146
1159
354
34
483
464
59
43
489
245
10
764
1159
970
262
343
123
68
32
346
657
569
129
160
489
41
354
697
764
363
59
34
733
362
56
569
384
346
262
992
32
146
379
488
345
39
363
335
489
41
267
59
750
779
992
68
343
569
123
262
346
384
363
43
697
345
182
533
351
38
245
235
68
362
262
569
657
343
992
123
1159
346
182
533
464
354
223
267
394
235
764
245
56
733
68
32
384
992
569
1159
146
155
129
533
488
245
26
740
363
489
375
182
992
68
362
779
123
970
1159
733
384
657
335
806
26
537
10
235
375
483
182
351
262
56
68
32
970
1159
343
155
733
123
34
267
806
537
464
394
354
379
489
764
779
1159
346
262
569
733
123
32
970
657
533
375
235
697
341
379
351
160
483
39
343
123
32
68
992
1159
262
346
733
362
267
39
45
483
537
38
44
394
59
464
123
992
1159
779
384
32
346
56
262
68
182
740
45
26
724
39
537
38
267
489
123
1159
569
68
657
146
750
32
155
346
10
394
806
245
345
489
341
59
537
464
32
68
56
779
343
970
362
657
569
992
483
341
379
38
223
489
351
235
45
464
384
68
123
1159
155
56
733
32
970
346
363
345
537
223
160
38
43
533
44
267
346
362
343
992
970
779
750
56
123
733
533
10
235
335
41
38
488
43
34
44
657
56
343
970
68
750
992
155
362
779
335
43
235
483
363
160
129
537
59
341
123
56
32
262
343
733
346
657
1159
779
394
489
43
267
129
41
740
34
375
10
779
970
346
155
123
1159
343
750
68
733
335
345
38
59
394
740
375
182
160
43
384
346
32
733
569
362
779
123
750
992
59
39
223
345
129
489
354
464
740
394
56
750
155
992
68
970
262
32
733
1159
26
489
39
182
345
740
379
129
363
483
362
657
346
733
32
123
992
68
262
569
394
41
129
697
537
45
160
38
533
235
262
346
750
779
1159
657
992
362
569
970
10
533
45
464
160
267
345
26
44
245
657
779
68
733
1159
384
970
146
155
343
345
697
335
351
375
489
59
223
45
363
346
733
992
155
750
362
569
384
970
657
182
267
724
160
345
235
764
26
39
10
155
362
1159
56
343
262
123
970
992
750
59
335
267
26
483
34
39
38
10
45
569
657
970
384
992
1159
68
346
56
779
235
341
483
375
41
26
335
351
464
38
56
146
362
68
32
1159
779
992
262
733
697
379
806
43
41
182
45
235
483
341
970
262
155
123
346
569
146
992
56
362