1325
891
911
1314
904
681
799
1241
1251
754
583
567
1129
727
747
1685
1691
947
785
1114
2362
772
59
743
3502
1281
774
1314
575
583
911
567
891
1251
1121
1129
727
670
754
681
618
1767
1047
1339
743
2207
556
785
1685
619
640
688
727
1251
1241
747
904
583
774
1314
1101
670
1281
911
585
1339
1771
2362
2631
1047
713
619
1495
2207
954
567
911
774
1101
1129
904
1281
891
1241
670
590
1314
1325
575
585
556
625
2631
618
27
687
822
1047
905
1899
1281
590
1241
754
1314
1325
575
670
911
1121
1129
1101
585
727
904
1691
1243
905
1899
1117
382
772
1495
954
1853
754
747
1101
688
904
567
585
1325
640
891
583
774
799
590
575
619
761
1685
45
1771
2211
3506
1047
1114
2172
1129
774
911
567
640
681
1251
583
670
904
1325
891
1314
585
754
2172
1853
785
1691
1685
954
429
289
3353
1047
1121
891
774
590
1251
911
754
585
567
688
799
1129
1325
1314
1101
382
1685
2172
947
905
1243
625
289
2362
785
754
640
1121
567
1281
1101
747
774
1129
1325
1314
1241
727
590
585
1691
2172
1899
3020
1117
947
556
3
2631
1767
1325
670
911
891
904
774
681
1251
1129
585
799
575
1101
1314
1121
1495
2211
954
2207
45
59
625
3506
822
761
590
774
640
1121
575
1281
754
1314
727
670
747
891
1251
583
1129
1114
2548
1853
3
772
3353
382
625
687
750
1121
891
1251
583
1129
774
754
799
904
590
1325
567
670
640
575
822
1691
2770
785
1339
954
772
1114
618
761
681
1314
904
747
688
799
567
1325
1241
640
1251
1129
727
1121
911
618
2278
556
3353
2172
625
289
27
1117
3506
1241
799
670
681
904
911
1325
1281
754
1121
575
567
583
1101
1251
27
1899
1114
4205
2211
713
1339
429
625
1243
640
1129
1281
727
583
1101
585
891
670
799
1314
1241
1325
1251
754
1685
3502
2631
2211
1243
1949
59
625
761
382
688
1129
911
1121
681
747
567
1325
583
575
1101
670
590
1241
1251
1243
1771
2172
3502
289
954
905
761
2207
1767
891
590
1314
727
1251
567
585
681
1241
670
1121
688
1325
1129
640
1114
772
761
954
1339
429
947
1899
1767
59
1121
567
891
1241
747
799
1129
754
1251
774
640
585
575
590
1281
618
2548
713
1339
3502
1949
2631
905
625
750
1281
590
891
585
1325
747
670
640
681
583
904
727
1121
1251
1101
1495
3
1243
785
713
3506
761
1339
3353
1899
1129
640
1325
681
590
1121
727
1241
567
575
583
747
1251
1101
1314
1767
1047
3
761
3353
27
4205
2207
1117
1949
640
688
1241
681
1129
1251
904
583
1281
1325
727
1101
799
754
567
382
1685
618
2631
750
947
2548
556
619
905
904
575
799
891
590
583
1314
1129
747
1241
640
681
1281
754
1101
1495
1691
2770
1243
429
2211
947
1117
3502
382
1281
799
575
583
904
1121
747
1251
1241
1129
727
567
585
640
1101
772
556
1114
45
27
289
2207
905
750
2278
1129
681
1121
1325
891
670
774
754
1241
585
583
747
799
1314
1251
3506
59
1771
1949
785
27
1853
382
2548
1899
567
640
1101
1251
688
1129
891
583
670
590
1121
754
575
799
1325
2278
445
2207
3502
1339
1243
2211
947
27
1949
727
688
799
774
590
567
575
670
681
754
911
904
1281
585
891
772
2207
2631
445
687
1114
785
713
2211
822
590
911
640
681
585
1314
774
799
583
747
1121
1129
891
1101
1281
1339
1691
382
556
1117
2278
1853
1495
3353
2207
688
640
904
583
590
1241
1129
585
754
891
567
1281
911
774
1121
1949
625
2548
619
3506
1771
618
1767
954
429
1251
640
1241
1129
1325
727
688
575
1101
681
590
904
583
747
1314
59
2362
2207
45
1047
3506
619
2211
3020
947
585
727
640
911
1121
904
575
1314
1251
1281
799
774
891
590
754
382
1114
761
2770
687
619
618
3502
2548
445
688
590
640
670
911
747
585
904
1241
1281
567
799
774
891
754
3
750
3353
1339
2278
743
1853
1949
4205
785
1121
585
688
575
567
904
1325
681
1241
640
754
891
747
911
590
2631
1899
954
772
743
1685
2207
2211
3
2172
754
688
567
583
681
1129
799
1325
774
590
1251
904
727
575
1314
1117
2362
27
1691
3506
1047
556
947
289
2207
1241
747
727
1121
681
1251
891
575
640
1314
1129
583
774
567
590
1899
2172
1949
905
289
1771
3
2770
59
785
1129
567
1325
1241
911
799
1281
688
727
585
904
1314
640
891
681
1853
2548
1339
619
2207
1243
45
3506
743
556
583
1241
1314
747
1101
754
640
891
1121
727
575
585
904
567
681
687
3020
1114
947
954
382
1691
2207
3353
2172
747
1121
1314
754
590
727
1325
670
583
1251
681
774
891
585
575
45
713
3020
556
1949
954
382
2207
2631
1767
1121
590
1129
681
1314
904
1281
567
1325
774
640
585
754
1241
911
1117
905
954
1853
3506
1685
785
822
2770
2207
567
754
747
727
904
891
583
1121
799
575
590
1251
774
688
1129
750
2548
4205
2362
2770
3
772
687
1853
2207
567
1129
1241
640
799
590
904
891
1251
688
585
681
727
911
1121
713
3506
429
2548
2631
3020
1685
954
905
1899
891
590
1101
681
1251
1325
1241
904
575
774
640
1129
1121
585
583
1117
2172
743
4205
3020
772
556
947
1685
2631
1241
1121
590
904
1129
1325
799
891
754
640
575
747
911
1314
670
743
2770
1691
3502
905
1949
2211
1899
2172
954
1281
688
590
583
681
585
799
911
1314
1241
891
1129
1325
1101
670
1771
947
3502
556
772
429
2207
785
750
45
640
774
727
567
754
911
1314
575
590
583
1281
670
1101
585
799
1114
947
785
2770
1339
822
27
445
1949
1495
1314
1121
747
575
688
670
891
1251
799
590
774
1129
754
681
1241
1949
785
3
625
772
3020
45
687
1047
429
747
670
774
681
567
1314
1101
904
688
1121
583
640
590
891
1129
2172
1339
1243
687
1685
1047
713
3506
382
785
727
688
911
774
567
1129
1281
583
575
1121
670
754
590
1101
681
382
2548
1243
429
954
2770
947
1685
1899
1117
590
1121
688
727
1101
911
747
583
774
640
1129
754
575
891
1314
2631
761
27
59
618
2548
429
1899
2362
3020
727
1325
1281
799
891
583
1121
688
1129
575
747
904
640
1251
1314
1767
772
1047
3
3506
785
1691
750
618
556
640
583
1251
670
1121
727
1325
911
774
799
747
754
585
575
681
289
1899
785
2207
1685
445
2770
27
743
619