651
451
625
695
618
227
637
616
371
376
620
470
295
3
743
787
975
446
1289
4382
145
1702
1719
1271
1102
451
379
386
651
166
366
638
596
9
640
447
616
375
1168
1102
1210
730
1719
787
718
393
813
742
1267
637
597
651
447
386
2039
139
638
1163
886
1182
596
451
125
743
202
1267
600
3
5
622
1702
4382
393
74
366
616
366
359
379
470
451
493
1800
9
166
625
386
446
1210
481
813
3537
74
1271
1702
798
202
1168
600
605
493
1800
546
638
164
776
487
470
640
704
886
371
74
1289
907
622
4382
5
600
1267
1844
742
375
1168
481
370
371
640
1182
396
166
359
605
638
493
597
620
742
3537
718
1702
3
446
1267
907
74
600
1844
798
776
618
640
451
625
1182
396
1163
357
597
447
9
376
622
1102
730
4382
718
446
375
157
742
202
145
3
370
372
386
631
2039
357
470
359
637
1537
487
366
493
446
798
125
743
393
1271
975
157
730
3537
907
1289
1844
2039
1182
776
357
451
637
12
487
366
695
597
396
600
742
1719
125
481
446
1289
798
1844
975
1168
730
202
605
372
2039
379
12
370
1537
776
546
9
371
886
787
1702
622
157
145
975
1271
1719
600
202
1168
481
166
451
12
596
227
166
9
1800
447
396
637
640
616
393
907
1719
74
4382
742
743
813
1289
975
1844
1271
1102
1163
616
886
1537
625
470
704
376
2039
379
620
695
742
622
481
907
4382
3
975
125
1844
393
145
1702
74
357
637
1800
376
359
605
493
631
371
139
227
451
125
787
1168
1210
481
145
718
813
202
1719
743
798
1267
886
386
640
625
631
1182
605
546
2039
470
447
227
1702
622
1719
3
375
907
742
975
718
743
202
1168
638
886
371
9
164
597
546
496
776
493
370
447
631
787
295
202
1267
157
1210
742
74
375
3537
1289
1844
596
359
616
631
2039
597
372
386
546
1800
1163
637
620
4382
295
446
813
3
5
1702
975
718
1719
730
393
1289
379
616
618
487
596
695
546
12
164
447
370
886
813
202
1102
3537
5
975
1719
718
742
1702
375
787
1210
618
638
376
637
651
493
640
1182
370
372
496
371
375
1102
798
1719
622
5
157
4382
3537
787
125
742
227
605
1182
359
695
376
620
1537
370
164
638
493
12
1267
3537
157
125
718
1844
1289
1271
3
742
1702
787
357
359
164
637
596
886
631
618
447
470
638
493
357
1210
1289
1702
622
1271
74
1102
907
295
3537
798
393
651
370
166
2039
379
376
372
597
396
164
1800
886
1182
3
202
1719
446
375
600
4382
481
1210
125
975
295
907
640
164
1163
620
139
166
9
227
631
695
371
470
1267
1102
157
1271
393
787
730
907
74
4382
1289
798
618
625
637
371
493
1537
618
386
372
638
496
1163
379
393
1267
125
481
3537
787
1702
730
1168
4382
74
295
370
596
886
1800
620
2039
9
447
605
357
695
651
625
4382
1168
125
743
1702
5
145
74
1267
975
622
907
496
631
164
447
695
620
372
370
704
366
9
625
638
446
742
798
787
622
730
375
907
1210
125
1267
3537
651
386
2039
1537
597
620
366
359
164
616
372
651
451
718
393
4382
481
74
1719
157
743
446
1289
730
3537
227
164
227
451
620
359
447
376
597
371
638
1537
695
145
742
600
446
1844
798
74
3537
907
1267
4382
1719
1163
493
704
451
695
166
620
366
164
2039
370
376
379
393
145
742
1719
202
295
813
481
125
730
718
375
9
695
605
631
357
640
451
596
227
496
447
371
359
202
1210
1289
1719
145
446
743
742
3
375
813
393
164
640
487
776
370
631
376
166
625
9
496
451
620
718
1102
1719
393
1702
798
1844
600
907
125
787
1289
145
166
359
376
605
651
620
12
366
597
625
227
1163
718
375
1844
1267
446
730
74
813
202
1102
5
1168
1182
596
605
376
625
704
618
372
447
496
366
631
637
3537
787
798
157
393
718
1168
1844
3
1719
202
743
597
451
616
618
596
638
366
605
9
371
164
487
139
1267
481
907
813
600
1719
1702
202
743
446
3537
718
1102
227
620
596
704
886
357
546
359
166
597
1163
618
5
1289
1168
202
1719
743
1702
393
4382
1267
3
600
447
704
1537
493
379
886
625
372
9
376
12
618
447
295
1289
157
787
145
622
1719
742
907
375
1271
730
546
1163
776
227
651
1537
637
366
695
9
164
493
2039
202
3
1271
600
1844
798
730
5
813
975
787
907
371
1163
396
704
357
371
886
366
12
596
620
631
9
1719
1168
3
4382
74
5
1702
718
1210
600
787
1289
372
546
776
372
616
470
1163
164
637
496
493
597
1537
74
3537
1289
600
743
798
787
718
125
1210
1271
813
227
379
451
496
597
2039
493
695
886
638
596
1163
546
1210
481
622
125
4382
743
3
730
295
3537
375
1102
1271
625
776
447
640
596
487
631
357
493
496
546
370
393
157
481
74
4382
718
907
813
202
1102
743
798
359
139
638
366
487
2039
227
9
546
597
12
396
1800
1168
813
3
481
1719
5
125
622
145
907
375
295
1289
166
451
637
597
359
447
616
638
370
12
371
886
787
125
1289
907
1168
743
1719
446
5
730
157
1210
640
227
451
625
1537
396
357
637
12
139
372
496
695
74
600
798
907
1168
3
1719
730
1289
718
1210
4382
487
618
638
651
625
631
366
396
546
597
493
376
357
446
1719
157
393
481
743
907
1271
145
600
975
74
596
637
359
1163
447
366
470
496
704
357
164
451
227
375
145
730
600
787
3537
1271
975
393
157
3
295
396
451
616
359
447
618
372
164
640
637
638
371
227
5
1844
1102
600
4382
157
1719
1168
622
295
718
743
470
618
1182
164
487
376
470
620
372
379
625
546
386
1267
1719
157
295
1702
3
202
742
125
600
730
907
1102
227
451
597
359
357
1163
166
372
1182
447
496
370
125
907
202
74
600
3
798
157
295
730
1102
3537
5
366
357
493
1537
12
371
596
616
1163
631
886
1800
4382
730
295
1844
1289
157
1271
393
1168
975
742
787
139
631
695
359
546
487
9
640
618
496
596
164
370
446
3
813
157
1844
1168
1267
1289
718
742
600
798
366