824
1192
1164
3220
1711
294
121
2685
881
2157
92
814
481
1004
1197
1257
1627
2044
846
2583
582
874
2182
894
4034
2873
2593
987
465
2586
1089
474
121
1183
1990
3535
3220
1117
2685
481
1164
842
292
979
1004
2044
1621
3525
3987
894
1002
823
872
2873
4034
918
1428
67
2580
3016
1117
92
1990
717
1164
1083
1175
1089
1718
2164
814
3441
842
481
121
1762
1868
1058
2583
2470
1045
894
1621
4034
874
568
918
3016
2587
1627
294
1711
1083
1726
1907
2157
1004
92
1990
1183
474
2140
121
2685
1175
1868
3698
4034
3525
1428
2237
2138
2580
1900
1427
1627
894
1586
3016
297
154
842
481
408
1089
1711
92
160
881
1175
2140
474
375
814
820
3525
846
1966
823
2182
874
2586
1587
1002
872
1627
987
1428
3698
1427
1726
1164
2140
1907
979
717
408
1711
831
825
481
878
1354
1013
814
1427
2028
1966
2138
4034
3016
2580
987
2191
709
1868
1157
2791
1621
2149
835
1711
1089
2164
1004
408
1305
160
1990
839
1013
1051
481
2157
3220
582
2470
834
709
1058
2580
2586
1428
2138
67
1045
1558
1586
1900
2028
842
1013
1192
824
2685
1305
1175
814
121
881
375
1089
1711
292
3220
2138
2587
3016
1627
1868
987
1966
568
1058
67
2237
1572
1762
834
1900
2140
1731
4032
1305
481
1951
1051
839
717
835
408
878
121
979
2685
1157
1558
1045
465
709
1257
3525
1868
2586
2044
1587
894
2791
2182
1087
1051
3441
825
1305
1951
1004
1013
717
474
1164
824
92
878
1354
2164
465
1572
1058
2191
2044
1627
2873
3698
4034
2237
2149
918
1257
1587
846
878
1183
881
1089
1951
1731
1051
1004
2685
1013
375
717
824
2164
4032
872
568
1087
1157
2138
2580
3016
2149
2873
2044
2587
918
1587
1427
1257
1907
1164
4032
1711
1192
160
1197
717
1718
1089
3220
878
839
2164
1990
1572
2138
1087
1428
1586
2044
1045
2593
2191
2237
2587
3987
582
1002
918
2685
1051
878
294
1192
154
1164
1731
1726
1951
825
408
1711
375
820
918
2873
2028
2586
2587
2593
1868
1966
2044
1058
1157
568
987
3698
827
1354
1731
825
1183
1990
154
1051
1711
1305
881
2164
1726
2157
92
1175
1900
2580
3525
872
2237
1257
823
582
2149
1558
297
2470
2873
2586
1966
1004
1175
474
3441
1726
831
1013
835
814
1711
881
160
1051
1731
878
3698
3525
1621
2873
827
1002
823
1966
568
67
1045
1157
582
1427
874
1354
1305
1907
160
717
881
121
825
294
1175
3220
375
1731
835
979
2138
2587
846
67
827
2191
2044
1586
2237
1627
874
823
465
2580
918
1089
1051
1354
979
1951
820
294
878
717
3220
2685
474
1175
835
121
709
2587
2191
918
827
2028
1587
297
2593
1087
1586
2791
1762
2470
834
92
1183
842
1089
717
1004
1051
824
154
1731
2140
1305
481
1175
831
1587
1002
872
2044
1427
568
1762
2149
4034
582
709
1045
2138
827
2237
294
1197
839
1726
1175
154
814
979
1305
825
1183
1051
1907
1711
2157
2583
1002
2044
2580
1157
918
823
2873
1621
1762
2470
1087
1627
1572
1868
839
979
831
814
2140
474
1089
1731
2157
824
1990
1197
375
292
1907
1002
1621
568
465
1762
827
872
1558
67
2587
1087
2191
2044
2237
2470
160
292
1718
1089
1164
2164
717
1990
121
1117
1197
1051
2140
3220
825
2191
2138
1087
1627
1427
3525
2583
2182
2470
846
874
1966
3016
2791
918
3220
2685
831
814
878
1164
1051
1907
292
1354
294
481
1192
1990
4032
1627
2583
2237
2470
1587
918
297
2044
4034
1427
1762
1558
1900
2028
1621
842
979
820
292
1990
154
1197
824
825
1305
92
1164
3220
2140
121
2593
1587
2028
2580
67
568
2138
1586
918
3987
894
1157
1002
709
1257
831
1175
375
292
1192
881
92
3220
1089
820
979
1197
1164
1083
1013
2583
2586
582
1257
918
827
1621
709
2138
834
2182
568
894
1868
67
92
2157
292
814
154
881
835
1004
1718
481
474
839
820
2140
1051
1002
2237
1087
3525
1428
1586
3016
918
2028
1966
2182
1868
846
2138
465
1907
2164
820
839
814
154
1726
881
717
1990
481
3535
979
1718
1175
987
2191
3698
582
3987
874
1587
1868
2791
1045
2044
3016
1558
2182
709
1175
2157
2685
1004
881
3220
2164
481
1013
824
1711
839
92
1051
842
3525
1558
297
465
2028
1045
582
1627
1157
2470
2044
1868
1002
2580
3016
820
474
842
294
1305
3220
4032
375
1051
292
1164
1951
1183
160
1726
872
465
2044
2587
2149
2873
2580
834
894
846
4034
568
67
2191
1427
1731
1117
292
474
824
878
1083
3220
831
294
881
481
2685
408
1951
987
582
1572
2182
874
2791
2873
1627
709
1058
465
1900
846
1157
1002
825
2157
154
1183
1990
292
1305
481
1951
839
1089
2685
160
92
2164
1257
1428
2583
872
834
1058
1966
3987
823
846
827
918
709
1002
2182
1354
3441
1051
1305
3535
2140
835
814
474
481
1731
825
121
1726
154
1762
827
1572
709
4034
1621
1087
1045
67
2587
1586
834
1257
1966
2580
1051
2685
1197
1951
3441
1183
3220
1354
292
1089
408
839
1164
835
1117
987
67
2470
1900
1427
2791
2593
1002
1157
846
1058
1762
3698
568
2044
1907
717
4032
292
1051
878
825
1354
835
1990
2685
1175
121
1731
2140
2593
1157
1586
297
4034
2044
1868
1572
1762
1966
1257
1587
2470
834
1627
2685
4032
2140
814
1990
1164
1907
1183
824
294
160
1089
820
1083
842
2583
1257
1586
3987
582
2593
67
827
3698
1558
2138
1627
987
1157
1087
292
878
154
3441
1354
820
2164
160
1192
481
831
979
2685
1305
2157
1428
2580
874
2593
2583
1868
846
1157
1427
3698
582
1087
823
827
1587
1718
835
1951
1726
1192
1175
1051
375
2164
1164
1083
881
717
121
814
2470
2583
1586
3987
2580
874
834
1427
1587
568
1087
3698
3525
2138
3016
1164
375
294
474
820
481
2685
831
1013
2140
1990
408
1197
881
1004
2044
1587
582
1257
1586
2873
3016
1627
874
1002
2586
1868
834
67
987
4032
160
1305
824
92
820
825
1354
481
1718
979
835
1726
1175
2140
2583
1045
4034
297
1762
823
2791
1002
2580
2138
1587
1428
2873
3698
1586
1117
1051
839
2140
825
92
1990
2157
1711
820
1183
1083
717
1731
1907
2470
846
1257
1157
465
2182
1586
2587
1058
2028
297
1087
1966
1627
834
717
1192
1004
1731
4032
839
1051
3220
1183
2164
294
825
481
3441
92
2138
3525
2791
1058
1586
1966
2237
1428
1002
2873
3016
2587
1627
2044
1045
1305
1183
831
121
1192
3441
294
1731
4032
1990
154
1354
3220
1175
92
918
3698
1558
3525
846
1900
987
2044
2470
2587
1257
834
2593
2028
874
979
881
1907
474
1013
292
1083
154
717
820
831
878
839
1183
824
1627
1762
918
1966
2182
2138
1087
2149
1586
2593
1587
3525
894
582
872
1004
1718
474
1183
375
1175
1051
408
481
881
2685
1711
160
1197
92
67
1587
2182
2149
1966
1586
2138
2791
4034
582
1900
1058
846
1428
2191
121
474
2685
717
92
408
292
1726
3535
3441
1354
842
1990
1013
160
2580
2583
1586
918
2028
894
827
3698
1058
3016
568
2791
67
1087
465
2685
1907
1726
1175
2157
1711
1183
121
408
4032
160
92
820
1990
1083
2586
1002
834
1900
1257
2593
2182
1428
1087
1762
2580
827
3525
709
297
1192
1731
1305
1083
1164
2164
1051
824
375
1004
3220
121
481
1013
878
874
894
3987
3525
1868
2191
582
2873
918
1257
1427
1900
2586
1558
297
408
1951
1192
3220
2685
825
160
1354
1990
835
2164
814
1726
831
154
1621
1762
2586
872
2182
834
1087
1900
1427
2237
2580
1058
2587
582
823
814
2685
1951
1117
1013
1907
835
831
4032
2157
1175
408
375
820
1192
3698
1868
2586
1558
2182
1621
1087
297
3987
2028
3525
2587
67
1966
1586
1183
1013
1731
2685
1192
154
1354
121
1164
375
825
881
814
1051
842
1257
582
1572
1045
2583
2237
834
1087
2873
872
2580
297
2182
465
827
1164
160
1354
292
842
1718
1726
717
121
2140
375
1051
1117
839
824
1868
1428
827
2791
823
2873
3525
1157
1966
1587
2586
1627
2593
67
1586