158
102
120
107
321
3
5
355
6
155
307
104
430
4
437
106
7
1
440
292
332
94
88
327
19
299
93
621
329
2
292
7
440
430
104
299
107
5
329
93
332
19
1
327
94
102
355
621
307
3
120
321
2
6
4
437
158
155
88
106
329
4
299
102
120
621
5
440
321
94
155
6
158
332
327
3
88
93
430
437
19
307
104
292
2
1
355
7
106
107
2
102
327
321
3
437
88
5
621
299
104
93
158
332
4
19
7
107
329
1
307
440
155
120
6
355
430
94
292
106
102
1
5
6
355
155
158
329
437
621
7
93
4
19
327
430
307
104
292
299
120
440
88
107
321
3
2
106
332
94
327
155
299
621
4
88
329
5
440
1
332
106
19
355
437
321
430
307
94
6
2
120
7
104
292
107
3
102
93
158
3
440
19
4
1
94
327
2
102
6
120
321
329
307
155
430
332
621
107
299
5
292
88
7
437
93
104
106
158
355
155
4
327
440
7
430
437
5
332
107
321
120
19
355
307
1
2
88
621
3
104
329
94
6
93
158
102
299
106
292
437
5
332
430
7
19
4
321
6
292
621
2
104
158
88
106
102
329
107
307
120
155
355
1
3
299
327
440
93
94
321
19
6
307
106
104
355
3
292
94
107
1
437
93
120
102
7
332
88
621
329
2
158
327
4
299
440
5
155
430
120
621
155
329
6
1
292
93
2
107
102
327
299
437
88
321
430
307
104
5
94
106
355
4
440
7
332
158
3
19
93
329
430
355
327
94
5
88
158
307
106
440
7
292
120
2
1
3
107
299
19
102
321
4
6
104
621
437
332
155
329
94
430
107
327
6
19
307
1
158
299
88
2
332
102
292
104
106
5
321
3
437
621
155
440
120
93
355
7
4
2
307
440
104
299
102
106
292
4
120
327
321
5
1
355
155
430
329
437
332
94
7
107
3
621
88
93
158
6
19
3
4
7
292
430
1
6
155
437
19
120
440
94
307
88
158
321
327
621
102
106
299
104
93
332
355
107
329
2
5
120
307
93
94
155
104
332
88
2
292
5
621
6
329
4
430
107
158
355
1
437
102
327
7
106
299
440
3
19
321
299
307
292
6
430
5
329
3
120
437
102
19
321
2
104
106
621
7
94
155
158
93
88
1
440
355
332
4
327
107
2
332
5
106
299
321
355
440
621
327
292
88
93
158
7
3
120
104
329
102
6
4
430
155
1
307
94
19
437
107
4
332
5
158
437
355
299
93
440
7
329
321
327
104
307
1
120
2
94
102
621
3
107
19
88
6
106
292
155
430
5
1
437
307
299
19
104
4
7
88
6
155
107
102
621
93
332
292
329
94
430
120
327
355
106
2
440
321
158
3
4
93
102
440
332
329
106
94
621
307
355
158
321
7
88
292
155
1
6
430
437
327
120
299
5
107
104
2
19
3
2
4
430
155
329
292
102
307
93
7
332
120
19
321
440
299
355
107
6
3
88
1
437
327
104
5
621
106
94
158
299
4
88
321
6
329
7
94
292
93
2
155
437
327
104
1
107
158
19
307
3
355
120
332
440
621
102
430
106
5
329
299
327
332
355
621
2
1
155
102
292
93
7
158
94
6
104
430
4
19
106
307
321
88
107
440
5
437
3
120
292
327
430
332
158
440
621
155
7
329
102
120
6
94
93
5
321
106
104
355
1
307
107
299
437
4
19
88
2
3
155
158
321
7
1
19
307
2
327
5
93
102
440
106
107
621
437
94
329
88
292
299
6
332
104
430
4
355
120
3
19
355
307
158
155
94
6
440
430
2
1
120
93
329
321
332
327
3
292
107
299
5
102
621
437
4
88
7
104
106
102
3
321
299
292
5
621
7
440
106
2
155
94
6
107
332
1
93
329
430
4
88
307
355
327
120
437
158
19
104
430
93
106
307
292
329
437
332
3
7
440
6
5
88
120
621
102
299
2
4
327
321
158
355
94
1
104
19
107
155
299
329
321
4
327
93
155
621
94
19
307
430
158
5
106
3
1
102
6
88
104
7
120
107
437
355
292
440
2
332
440
88
158
120
329
299
107
6
1
4
104
7
3
19
355
621
430
437
155
321
327
102
2
307
332
94
5
93
106
292
329
104
155
430
327
158
102
3
332
437
7
307
2
88
106
621
5
19
120
93
292
299
4
440
355
6
94
321
1
107
3
5
621
355
292
2
329
120
437
440
155
307
7
321
107
102
332
158
430
106
88
94
1
4
6
19
93
327
104
299
106
332
355
440
1
329
430
94
4
104
7
19
292
5
6
437
321
299
3
307
2
102
107
120
621
88
158
155
327
93
327
155
158
93
355
120
104
440
321
5
107
2
7
430
1
3
437
6
299
332
106
4
329
94
307
292
621
88
19
102
307
104
292
321
6
621
2
7
355
158
102
430
3
1
332
93
440
155
4
329
94
107
88
120
5
437
327
19
106
299
2
88
104
332
158
106
6
7
299
355
307
430
1
107
3
94
4
93
120
440
321
327
102
329
437
155
5
19
621
292
440
155
102
6
104
2
106
93
88
332
1
307
329
158
3
94
107
327
292
299
437
7
5
4
19
355
430
321
120
621
3
4
88
7
93
158
621
2
307
107
437
1
332
6
102
329
299
19
292
430
355
5
327
440
104
321
106
155
120
94
440
327
2
158
1
6
4
321
332
299
7
19
329
107
104
437
94
88
292
355
93
621
3
5
430
155
102
106
120
307
6
321
307
155
106
158
7
5
440
107
120
327
4
19
437
430
1
621
355
292
94
332
299
104
329
3
102
2
88
93
307
621
3
7
1
107
299
430
6
93
4
2
19
5
355
94
440
155
329
106
292
120
104
327
102
88
158
321
332
437
3
7
621
120
292
4
1
437
332
2
158
5
355
88
102
307
321
327
155
6
106
19
107
93
329
299
104
94
430
440
155
104
158
621
7
440
430
292
327
329
321
107
299
5
355
4
6
1
120
437
2
106
3
88
307
102
19
94
332
93
437
106
104
102
1
6
430
355
327
88
93
19
120
292
440
329
4
5
2
107
299
3
332
155
307
158
621
7
94
321
93
327
104
106
440
7
292
19
621
155
437
158
6
430
120
3
102
329
4
107
299
5
355
307
88
332
1
94
2
321
329
3
7
4
106
307
321
104
437
5
6
2
107
355
102
299
94
430
93
120
327
621
19
88
292
158
1
332
155
440
155
621
7
94
440
88
5
355
120
437
327
299
3
104
430
292
1
6
19
102
2
93
107
321
106
332
307
158
329
4
5
329
307
355
4
332
6
2
292
155
299
106
437
104
327
94
102
88
1
158
7
93
19
3
107
321
621
120
440
430
3
299
4
321
292
327
102
329
19
88
106
94
93
332
430
355
104
307
440
7
158
621
120
2
437
155
6
107
1
5