3
307
120
19
440
155
107
102
299
621
88
6
158
5
2
321
104
329
355
4
1
430
292
437
332
94
327
7
93
106
332
329
430
327
106
440
94
19
437
107
292
88
2
5
104
3
355
6
7
4
102
93
158
321
1
299
307
120
621
155
332
5
94
355
621
107
4
321
155
292
430
6
102
88
3
440
106
437
19
327
307
158
120
2
329
299
93
7
104
1
292
329
355
158
120
7
307
106
94
6
3
88
2
4
321
104
327
332
5
102
1
430
19
437
440
93
107
621
155
299
93
332
621
104
430
299
155
437
94
5
329
102
307
88
327
355
158
6
120
107
4
321
1
7
19
440
3
2
106
292
307
355
4
120
430
329
158
1
437
7
93
102
321
88
94
440
6
104
299
5
155
19
106
327
621
3
292
2
332
107
2
621
94
329
106
430
4
332
307
437
3
155
88
299
292
321
120
355
5
327
19
104
107
440
1
93
7
102
158
6
104
430
94
107
106
7
321
93
621
155
88
292
19
120
307
2
3
5
1
437
327
332
102
299
6
158
4
440
329
355
19
292
307
94
7
158
430
120
321
329
299
88
106
621
1
440
355
102
332
155
107
5
327
104
4
3
437
2
93
6
327
1
107
440
3
430
7
437
5
332
120
88
93
329
158
94
102
621
106
307
104
2
155
321
292
299
355
4
19
6
3
332
321
621
102
158
307
2
4
107
327
120
93
355
106
155
7
1
94
5
6
329
292
299
430
440
19
104
437
88
88
355
102
440
321
158
307
1
299
4
5
107
120
327
2
621
104
155
7
292
430
332
106
3
19
329
6
93
94
437
355
299
292
430
107
321
440
621
93
307
155
332
104
437
158
6
88
7
3
19
327
94
2
120
5
106
102
4
329
1
93
321
107
120
292
430
299
7
355
621
106
5
307
329
327
94
2
104
3
19
4
158
440
437
1
102
88
6
155
332
107
5
307
327
1
299
4
158
3
2
102
104
155
437
93
329
355
94
19
106
120
440
430
6
621
332
7
321
292
88
327
5
6
158
93
321
430
307
107
437
102
440
7
621
355
104
120
4
94
19
2
332
155
292
3
88
1
106
299
329
329
19
430
437
1
332
93
621
6
88
106
107
5
327
4
440
104
299
94
102
155
355
120
321
307
7
3
2
158
292
437
621
88
2
440
299
120
4
430
6
3
102
107
93
355
94
321
329
155
1
104
327
158
19
7
106
332
292
5
307
332
307
321
2
292
158
430
329
299
7
120
5
621
437
1
4
3
440
93
155
106
19
104
355
327
102
6
107
88
94
120
107
327
307
440
332
329
19
355
104
93
88
5
292
3
106
321
1
437
299
102
6
158
2
4
430
7
621
155
94
355
1
93
430
19
106
437
3
307
88
158
621
6
120
107
327
292
104
440
102
155
321
2
332
5
299
94
4
329
7
440
93
104
2
327
292
1
88
3
355
4
321
299
158
621
120
307
329
437
19
94
5
6
102
155
430
332
107
106
7
332
621
120
6
5
155
158
7
3
307
292
19
94
102
355
1
430
93
88
106
440
107
299
329
437
2
321
327
104
4
7
155
88
430
19
299
355
6
107
327
158
321
93
440
94
104
120
437
106
621
292
4
307
1
5
332
329
3
102
2
321
327
430
621
440
102
307
88
292
1
107
4
5
120
299
155
106
437
6
3
94
355
158
329
104
7
332
2
19
93
292
437
6
2
106
93
430
4
621
94
1
88
104
321
7
329
440
120
5
102
307
355
332
299
19
155
107
158
327
3
102
2
5
321
104
6
621
19
155
355
94
93
1
440
329
299
4
158
307
292
332
107
106
120
430
327
3
437
88
7
158
88
102
104
621
120
93
106
2
292
437
430
94
3
19
332
1
440
155
299
107
355
5
321
307
6
4
329
7
327
88
94
329
120
5
321
106
155
307
1
6
7
104
621
3
2
292
327
355
299
4
440
102
158
437
430
332
19
107
93
93
329
2
19
440
102
120
6
7
299
332
307
107
88
621
94
355
158
1
321
437
5
327
4
104
155
106
3
292
430
321
329
4
307
3
437
106
292
355
155
94
1
158
621
5
430
299
93
2
120
107
6
102
7
88
104
327
332
440
19
329
102
104
355
321
107
19
292
440
5
430
437
7
4
327
158
621
2
94
3
1
155
299
93
106
6
307
88
120
332
332
299
292
327
437
155
1
3
440
106
94
93
430
355
329
5
7
307
2
102
88
6
104
621
321
107
120
4
19
158
430
299
1
307
437
292
332
155
120
7
106
321
93
621
6
327
104
5
4
19
2
107
440
329
102
3
158
94
355
88
327
120
329
621
5
106
93
3
88
2
292
1
102
332
430
6
104
155
299
440
4
307
107
7
158
355
19
321
94
437
292
6
19
88
155
621
4
93
355
327
94
158
321
332
299
2
3
5
1
430
307
7
120
102
106
329
440
107
104
437
6
621
107
430
104
93
120
102
440
158
1
4
3
299
5
329
307
155
94
2
332
106
7
327
437
321
19
292
88
355
437
327
332
107
158
321
5
155
7
292
106
329
88
104
299
3
621
307
4
94
440
355
6
19
93
120
102
2
430
1
102
440
104
7
299
94
430
6
106
4
355
155
19
5
107
2
327
88
321
3
93
332
158
437
120
329
1
621
307
292
93
120
292
440
329
5
437
155
2
88
19
102
4
355
621
3
430
104
307
7
158
1
94
327
299
106
321
332
6
107
3
332
107
292
2
106
93
88
440
329
321
355
7
307
437
327
120
158
299
430
94
621
4
155
1
104
5
19
102
6
329
19
6
321
355
88
299
93
430
621
7
94
106
107
332
440
2
155
3
104
5
307
327
102
1
437
4
120
158
292
437
102
107
6
321
440
1
94
120
332
93
327
158
155
355
5
329
307
88
292
7
621
19
3
104
299
4
430
106
2
107
104
440
329
94
307
1
430
327
155
2
158
4
19
102
332
3
106
120
437
93
88
6
621
292
321
299
355
5
7
1
6
329
120
621
292
158
355
332
4
307
430
3
155
102
88
299
327
437
440
106
107
94
5
19
321
93
2
104
7
104
292
355
3
93
158
327
621
19
102
5
307
332
120
437
107
329
440
299
106
1
2
88
6
94
155
7
4
430
321
107
3
437
440
102
93
1
321
158
355
2
88
430
332
7
4
19
292
106
6
329
327
94
104
307
120
5
299
155
621
3
7
106
327
107
329
321
299
430
292
19
307
5
94
104
1
332
440
88
120
93
4
621
2
158
437
102
355
6
155
440
355
5
6
430
307
7
2
120
104
19
3
332
93
4
106
107
94
102
327
321
155
437
299
88
292
1
621
158
329
104
321
102
292
440
299
106
5
430
2
158
329
1
93
120
88
355
19
94
4
621
155
307
3
107
7
437
6
327
332