633
396
1800
1885
726
700
31
395
69
663
333
324
32
729
308
228
809
130
778
617
1697
142
390
797
523
35
582
814
29
777
1003
702
225
556
129
390
698
69
5
582
451
726
456
633
271
772
450
35
32
1003
142
31
130
784
324
139
702
1893
663
1523
787
125
1772
140
729
70
225
556
978
777
778
396
320
797
556
698
608
271
324
125
814
32
1
130
451
69
772
31
142
717
140
228
728
787
333
165
663
795
133
1893
1885
617
456
582
226
31
717
702
32
165
395
390
610
1885
396
1523
271
91
319
608
226
777
333
2140
978
778
133
140
450
698
784
35
617
787
795
814
451
573
125
225
1800
1876
320
582
698
1523
787
5
1893
140
130
1030
795
1
133
633
610
608
573
702
396
31
228
617
809
728
324
225
523
717
1003
271
333
308
35
35
573
400
617
717
698
787
700
271
70
1
523
777
797
390
165
1772
1697
324
728
395
226
69
608
29
91
663
396
1003
2140
333
139
225
1030
450
450
142
5
663
228
573
617
608
456
772
717
225
140
814
582
1772
69
2140
556
728
29
125
395
324
271
1030
978
1893
400
35
795
777
610
126
396
814
1
700
633
228
133
726
333
2140
31
772
324
617
319
1800
784
396
777
778
698
5
556
1893
165
35
226
129
400
29
610
717
523
126
978
809
130
1772
1
777
69
226
573
228
142
784
617
702
396
140
308
125
324
333
698
5
797
225
271
700
582
608
1876
663
1003
165
129
809
139
35
1697
32
225
31
582
1800
226
324
726
1893
772
1885
456
1697
573
777
308
319
700
139
133
140
125
717
142
35
1772
978
29
228
1876
698
809
130
633
728
451
450
523
139
633
140
69
5
129
396
1772
777
2140
809
320
126
1697
165
91
617
390
35
1003
130
726
784
1523
228
308
31
573
814
717
978
698
1
70
5
320
698
1003
809
663
225
778
129
133
390
787
717
1885
797
1876
1523
456
32
729
582
784
139
728
324
1800
31
35
1772
140
556
451
795
5
797
787
333
133
809
450
32
225
29
778
2140
784
772
400
978
617
129
1800
142
390
1003
1876
795
165
1885
726
777
396
1697
126
139
700
633
91
608
978
5
663
726
556
573
320
70
133
130
333
795
1003
610
129
31
271
140
617
69
225
319
29
702
125
700
777
698
778
1772
395
456
142
308
35
1772
140
32
582
2140
702
396
129
29
1030
610
700
795
523
814
663
308
139
778
31
809
729
1876
787
698
1885
228
91
225
226
451
5
165
777
787
1893
91
1885
125
698
1
610
1800
130
142
633
814
5
139
31
396
450
226
390
228
69
29
772
32
1697
2140
1772
729
777
784
809
726
582
225
142
126
324
700
333
1772
1
139
125
451
32
728
129
2140
456
70
698
663
772
717
91
450
1697
133
633
395
729
400
556
797
225
396
582
1885
226
663
777
698
573
35
451
228
129
324
396
70
608
126
1030
610
319
69
165
700
814
523
225
1885
5
795
978
729
717
450
1523
797
702
778
556
390
778
1885
717
126
556
333
1003
777
450
130
271
2140
797
1876
787
35
795
1
608
610
702
633
700
1697
125
29
5
728
617
395
69
978
129
32
1893
1800
1885
523
35
29
456
978
125
698
608
5
700
809
31
2140
450
395
582
226
139
319
1523
573
814
1697
133
320
324
390
617
129
308
787
726
1030
228
451
320
395
140
456
795
5
139
610
698
726
69
617
400
225
608
814
1697
784
70
319
1003
1893
450
1772
1800
1
31
728
142
396
35
787
130
726
140
717
1697
324
271
1772
1885
778
784
814
1030
729
70
139
772
29
698
165
5
226
125
451
787
610
228
728
1876
130
225
1003
319
573
450
396
702
35
133
142
333
795
324
451
787
400
978
91
726
130
1800
70
523
582
390
69
772
139
5
784
698
610
777
456
319
2140
1772
271
125
617
1
400
523
451
140
126
324
1893
456
1523
333
130
573
1885
228
778
129
698
809
814
91
29
125
610
35
608
1030
1800
32
787
617
1697
2140
320
165
556
140
1003
228
582
1893
610
1
573
700
126
1800
324
1030
556
69
271
617
809
523
456
728
702
777
717
726
797
784
5
226
1523
663
795
139
1772
29
523
450
271
396
728
126
129
1885
582
390
1876
617
29
32
1030
573
91
729
451
814
608
1
702
319
400
140
978
225
698
663
456
69
31
125
795
69
633
390
778
787
1523
1003
29
320
1800
663
1
2140
333
573
130
70
610
31
142
451
814
126
729
1885
91
395
5
698
125
728
717
809
617
165
396
1800
795
2140
450
663
133
324
140
320
784
35
1
400
129
608
390
728
610
69
1893
777
139
228
778
787
698
772
1772
726
5
31
319
226
1030
1030
729
1800
165
400
396
69
130
556
809
1
772
702
324
1876
456
308
978
797
390
617
29
1003
795
139
91
35
129
663
2140
610
126
700
5
1523
2140
125
70
608
29
1772
140
777
729
702
396
787
1030
32
633
130
451
772
390
617
5
1003
1800
1893
797
333
717
573
91
31
35
700
1885
228
400
717
784
31
133
610
396
814
523
1800
226
91
772
1876
390
556
395
129
165
726
608
70
225
700
308
1003
320
702
2140
5
1772
797
698
787
1523
142
556
451
395
456
2140
32
978
784
778
728
795
70
1893
333
35
814
390
717
126
1003
319
608
777
31
396
142
1800
271
140
130
450
787
228
700
1697
777
390
729
271
728
1030
778
129
1893
784
400
1003
165
319
978
633
31
308
35
787
69
582
91
32
225
523
126
573
450
5
1772
814
324
456
726
32
728
126
582
91
130
1800
324
778
129
1523
228
729
814
1893
308
1876
133
69
139
31
1772
809
795
333
225
633
2140
29
556
125
1003
395
617
610
700
1
451
125
70
320
140
333
663
126
978
617
1800
582
523
608
778
390
2140
726
142
729
400
456
1876
1003
29
1772
1030
610
130
1893
91
35
698
809
784
142
556
5
129
617
390
451
29
228
226
1030
978
2140
324
165
1876
35
1885
126
772
814
91
700
729
31
610
633
130
787
69
456
271
395
35
608
784
633
451
726
698
1697
319
610
772
1003
5
787
1876
333
700
396
130
129
165
395
271
133
324
139
1
308
717
814
29
809
1893
320
456
390
633
717
617
225
702
814
126
91
130
777
784
1003
797
140
456
32
125
1876
556
795
5
139
1
778
308
29
1697
333
451
772
400
142
663
395
324
396
130
1772
400
320
582
142
772
1876
70
1003
1030
451
700
978
456
784
778
797
129
795
140
1523
717
226
787
573
390
319
814
225
1800
777
69
610
726
556
1523
772
1876
1893
777
140
35
456
717
809
395
702
319
1030
978
451
390
228
1697
582
69
1772
165
1800
617
125
130
797
795
2140
324
133
663
226
133
70
698
1697
814
729
125
608
797
91
400
126
228
165
700
1800
450
1885
308
129
1003
1876
778
809
130
333
451
225
2140
726
319
1523
556
5
772
271
139
395
35
729
523
1893
2140
333
573
165
608
225
324
456
787
396
308
1003
91
717
663
31
1697
1800
320
797
130
451
556
1876
400
29
726
809
308
573
395
814
1800
142
126
1885
698
140
633
777
978
608
31
320
795
324
456
226
333
1893
400
29
1030
139
271
663
797
1697
35
1876
91
129
2140
728
140
523
772
633
324
226
400
778
1876
777
308
1697
1003
717
702
396
333
663
91
1772
726
29
456
32
698
31
1885
814
610
582
809
319
165
91
32
556
396
728
133
784
663
1003
320
1772
142
319
324
1697
70
130
726
226
778
456
2140
400
29
139
777
978
1800
700
698
1876
308
523
787
556
133
228
809
728
726
608
778
610
1030
225
1893
400
702
139
69
1003
70
31
35
450
129
226
165
1876
396
784
5
1697
1523
777
390
91
523
633
1893
324
700
1697
32
556
523
809
1885
395
1800
1523
633
140
2140
726
319
142
333
784
271
814
772
787
320
31
778
396
139
165
130
1030
125
390
608
814
2140
35
139
70
728
450
126
69
29
617
1003
717
777
978
633
319
1876
125
787
400
225
778
165
91
809
784
226
729
32
1772
333
582
451
772
1697
140
450
70
130
797
1885
5
523
778
125
633
29
69
91
1876
729
308
617
777
978
608
700
582
772
1030
271
129
726
717
226
400
573
333
556
778
702
698
1030
1893
130
1003
226
319
324
1885
523
35
5
139
573
396
717
795
308
142
125
333
610
729
663
726
1
617
129
1523
809
225
133
787