409
433
2463
154
169
205
171
420
300
974
889
1688
213
11
293
2623
1210
1860
3003
329
2992
1937
2017
711
6
702
1554
348
439
1530
4802
1914
240
1760
479
172
245
765
974
420
697
1949
690
195
171
847
1263
371
785
190
329
1914
258
1814
1535
567
1906
349
4802
210
479
891
2992
1847
119
2276
223
2096
121
1732
528
1263
245
166
2504
889
1949
127
804
204
1505
1536
105
248
223
1906
885
360
349
240
891
263
1814
275
1760
119
439
1535
1731
293
4802
335
1530
3189
247
154
105
205
171
804
1949
420
170
60
537
2280
433
213
765
240
2992
4802
6
190
1530
1937
2096
711
1860
116
3189
2623
210
1906
1488
1535
1814
2276
2017
1709
4736
804
785
2463
1365
2504
185
537
433
154
127
1811
2280
420
263
190
50
335
285
1914
349
240
4802
3189
2017
255
1530
6
329
479
1814
247
1732
1488
1906
1365
60
690
185
889
1599
528
1505
433
697
196
974
171
154
1760
702
439
121
2096
348
891
567
1847
288
1937
1860
2017
1731
335
116
119
1554
1210
885
50
11
420
248
13
409
1696
1536
169
2280
300
1505
1949
204
785
1731
50
1814
1709
288
885
1937
1681
293
2623
1210
223
2096
711
439
1530
1847
6
349
4802
263
205
697
127
204
847
195
804
122
2721
785
1749
170
300
537
50
258
6
567
1681
4802
711
349
360
247
702
1554
121
1530
2017
2096
335
348
2623
255
439
1263
804
204
409
201
537
172
1696
1414
127
195
528
420
178
116
439
288
360
1535
4802
2276
567
50
1860
121
1210
275
349
263
1488
258
1530
329
293
885
537
371
1599
1536
105
409
1777
170
1489
529
4736
847
2721
195
335
2992
1681
1731
293
190
119
1760
2206
1530
263
4802
285
567
1210
2096
885
288
329
50
6
765
154
105
1777
1263
127
60
205
1599
213
336
1688
844
122
479
702
288
335
1847
2096
255
1860
1731
1530
2623
360
258
2017
1709
1814
348
1554
121
293
2276
528
178
213
248
433
1688
529
205
171
1749
974
196
1777
245
288
1488
210
349
1210
240
4802
1860
1914
1906
258
2276
439
702
1731
479
1760
1814
891
1709
335
196
847
127
195
60
785
154
690
1949
433
172
170
420
248
348
567
360
210
885
1760
1530
223
1914
116
275
263
2017
479
439
2623
1732
1906
1847
891
6
1599
248
697
300
765
1749
2280
1811
2504
1696
105
1489
4736
11
2276
479
2992
1535
1937
6
2096
240
885
1210
1530
1554
1814
329
116
4802
711
1906
119
258
2017
420
1263
847
409
195
166
529
433
714
528
172
2721
2280
1489
1937
360
121
348
3003
2623
190
2276
258
329
1554
2096
1860
1914
1530
4802
479
275
1847
116
891
2504
804
1696
185
1414
2280
528
537
714
420
371
169
201
433
1860
1709
2096
1732
3189
2017
2623
1210
891
1760
223
275
335
3003
702
2276
258
479
711
50
349
300
185
1489
785
1777
169
1696
13
196
178
127
2463
195
1949
1847
240
1210
190
1530
2017
2096
263
50
3189
6
3003
891
1731
1914
360
121
1681
2276
258
1488
2463
1263
765
1599
697
844
1749
537
205
11
245
127
60
714
1210
702
1814
263
3003
2992
255
1709
1914
348
1731
567
2276
335
711
293
288
223
258
1530
2206
1414
13
204
1949
201
528
127
178
765
245
844
171
195
213
1530
479
335
702
116
210
885
2992
50
3003
1906
1860
711
891
263
1488
1760
119
1814
1554
1709
1505
714
1365
248
178
1749
213
195
2504
1536
4736
690
529
171
1530
711
2276
1906
255
2017
263
4802
210
1760
479
1860
1814
2992
567
439
329
3189
1937
258
285
166
171
1696
122
974
690
172
2504
714
1811
889
785
1749
528
1814
2992
293
288
3003
1906
1554
285
258
240
439
1860
50
567
702
1530
360
2017
335
2096
891
1536
847
371
1365
1949
196
420
204
154
1505
1599
974
245
169
293
360
2623
258
119
1681
1860
891
263
711
885
1937
2276
116
1210
1847
329
1760
1709
240
702
847
889
537
122
2504
1949
204
196
13
765
171
1696
172
166
885
479
4802
1535
2623
1914
348
1860
258
360
2096
891
6
263
567
2276
1554
50
275
116
288
127
1365
172
195
1688
785
847
804
122
2280
336
765
1536
528
360
2992
6
263
885
190
50
1731
711
1530
240
247
1488
479
3189
116
1709
1906
439
1860
121
1811
4736
537
204
1749
248
1949
205
2721
409
2463
336
847
714
2992
4802
1906
2206
348
50
702
1535
2623
1709
223
1681
3189
247
275
329
119
190
3003
1731
1937
60
1811
105
1949
205
1414
804
409
300
336
11
1688
195
528
1914
1732
335
3003
479
1530
275
360
240
263
288
1814
702
1535
1488
190
1681
1760
2992
3189
891
154
1749
178
844
420
2721
170
1949
205
2463
122
804
1414
201
285
247
1731
293
258
329
275
479
223
121
2992
1814
240
1937
335
348
1530
1914
1554
263
2206
170
2504
178
844
171
785
409
105
1536
2280
4736
245
1505
889
190
263
1488
1554
711
121
119
116
255
1681
1860
4802
1906
1210
567
2276
258
293
2206
335
439
2280
690
1599
300
844
11
171
1749
2504
529
172
371
2463
1536
349
1914
1535
3189
258
335
240
885
288
567
1906
329
255
1860
263
891
1709
2276
1732
2017
702
1536
205
1696
248
528
529
300
1749
170
204
1599
371
171
409
2096
255
1860
288
1681
1760
240
3003
275
2992
1937
263
2276
119
50
1847
349
1732
121
1488
335
2463
4736
765
204
2721
122
2280
171
371
714
1263
245
697
2504
1681
210
348
2992
288
240
6
293
1731
1709
1847
1530
3189
1760
116
1210
275
2623
119
1906
2206
785
844
60
537
409
1688
765
529
697
213
336
690
195
433
275
223
360
285
3003
1760
479
116
1860
121
439
885
255
4802
2206
1210
119
1535
349
50
1488
1414
537
690
1777
697
166
201
171
2463
11
195
1749
170
2721
288
1732
275
349
439
119
3003
255
247
1906
293
50
240
210
2276
258
891
702
1760
1914
1535
122
1777
185
1414
1505
2721
169
690
178
371
697
1263
1688
201
285
335
1914
2206
1860
119
2276
439
263
3189
116
293
349
275
1210
1681
2096
1709
6
288
1731
690
804
420
178
122
1365
1949
2463
13
127
204
11
195
336
1914
439
210
1860
263
50
891
1488
255
1530
275
360
3003
1847
119
702
3189
349
1760
223
6
804
245
166
172
1696
2463
785
1749
204
2280
714
1599
336
178
2992
1860
275
190
1535
6
240
223
1554
335
119
479
258
1732
255
2206
1709
1760
1210
288
285
804
1749
127
166
122
690
1688
844
537
4736
2280
714
1811
172
439
4802
1709
50
1554
1530
2623
1937
275
190
285
1847
1860
288
263
891
479
1914
2096
885
711
2721
169
844
2504
697
4736
178
201
1777
804
245
166
847
785
223
247
1535
1554
263
2206
1937
288
2276
190
121
885
2623
2992
1709
6
4802
1906
329
119
240
785
690
1696
714
245
409
60
127
1489
201
154
1505
844
974
293
1914
1554
1488
50
285
275
1847
479
1814
567
1681
349
1860
3003
360
223
1731
1535
2992
116
196
528
185
300
690
697
1688
1536
847
205
204
1696
213
889
1937
258
891
1709
1732
119
2623
50
121
885
1681
116
2096
349
479
1210
288
711
223
247
190
60
433
1688
785
1599
245
154
1263
1696
844
11
1414
1777
178
121
223
116
210
567
335
255
247
360
2276
1937
1731
702
4802
348
1860
891
1488
349
1535
1709
170
201
2504
185
245
166
1949
1365
1414
154
1749
1489
204
336
119
285
360
1709
1530
711
263
329
293
288
2276
1488
2096
255
116
2206
210
439
4802
1847
885
409
1688
1414
154
844
166
1505
171
420
847
1777
4736
204
196
210
223
1210
702
1937
1681
1732
885
1906
288
711
4802
119
329
121
240
258
439
1760
2992
1488
172
196
122
371
4736
204
1777
2504
2721
205
2280
889
11
847
1814
439
1488
1535
190
2992
360
258
1732
885
50
1860
349
2017
1709
2096
223
2276
711
702
293
714
205
169
1749
1263
60
1688
11
690
1949
371
2504
172
185
2992
275
119
360
1732
116
1681
1488
1535
210
1210
223
702
121
1530
190
263
3189
1937
240
1860
166
336
690
844
1365
765
105
433
245
1414
1489
714
409
2280
1860
1937
702
121
275
3189
240
335
1681
567
190
1530
50
4802
1731
1906
1488
1709
1914
1814
348
105
420
201
974
2280
1263
1599
765
529
1777
204
195
169
154
1860
2096
50
190
210
1535
479
263
329
1731
258
1488
240
116
360
702
885
1554
1760
2017
4802
336
433
11
844
528
171
1365
105
2721
205
154
847
889
196
288
1760
6
263
247
2992
240
360
50
885
3003
285
1681
702
329
479
349
1554
2276
1709
293
170
1414
433
1536
1696
1749
974
1365
300
1489
185
60
213
169
293
247
255
1488
479
360
711
240
349
50
1554
1937
1860
2623
885
1681
275
116
3003
2206
348
371
245
205
1365
1263
537
166
4736
1489
690
1414
127
714
1688
275
50
2992
329
1681
121
891
2206
1906
348
190
335
1709
360
1530
288
263
119
711
885
2623