2929
659
937
3656
184
1310
233
408
1624
2834
800
83
168
988
740
2566
2064
1369
1368
1943
3706
2920
2047
2171
2831
2715
4999
3614
953
1470
1657
833
2647
2002
44
370
2511
411
2726
4329
3656
2834
1992
83
340
1368
705
168
2566
1878
690
713
1751
740
184
1641
1624
221
3645
800
953
2511
2647
4329
3945
2920
1470
2715
370
2726
3614
1301
1657
2171
228
2709
2159
2868
3706
833
214
996
680
687
1300
345
5285
540
2416
937
2102
374
2885
204
130
988
83
1641
1889
679
370
4329
2171
3706
833
2920
2047
2647
2002
4999
2159
2715
2511
2726
2831
44
2868
2709
4008
1657
2885
250
1992
1641
1751
687
740
1776
83
2445
2121
233
1878
345
2102
1300
610
2845
408
1368
953
746
2511
3945
2047
2920
4008
44
2726
2868
411
370
3706
1470
2002
1657
882
2715
2709
2831
1368
625
2046
809
221
1300
2093
687
1234
5285
988
1624
173
2885
540
412
3645
2067
2121
2834
882
3614
2047
3706
746
2171
1657
2511
833
2216
4999
1301
953
411
2868
2709
1470
4008
370
44
1943
412
1776
1321
2845
625
2046
83
740
1878
374
204
988
1450
1544
1369
705
2929
233
2102
411
2159
2868
1301
2715
2047
1470
4329
2511
3614
370
2920
2216
4999
2726
1657
953
3706
3945
2831
1641
214
250
614
2416
5285
1369
2046
690
800
1624
221
996
84
687
2064
434
608
2093
83
2002
4999
3614
228
44
2831
2216
2726
4329
2159
1657
4008
2709
3706
1470
370
3945
411
833
746
988
204
608
1889
1776
2566
173
2845
996
84
610
625
2445
680
3656
1234
1369
250
2416
408
1657
3945
1470
44
2709
953
4329
370
2002
746
2715
4999
2726
833
4008
2047
2647
411
3614
882
610
1321
625
1776
408
988
1878
3581
1992
1624
1751
679
2046
1310
1641
2121
2093
937
84
374
2159
2171
2868
2216
228
2831
2715
411
2511
3945
3614
44
2726
833
4329
370
2647
1301
2920
2709
2566
345
809
374
996
184
614
1321
997
540
679
3656
1943
1992
610
84
204
2064
2885
250
833
1657
4329
3706
2047
2216
2831
3614
2159
1470
228
2709
370
411
4999
746
953
2726
2002
2647
988
679
1943
2834
1878
1751
725
740
2885
951
2064
214
1889
713
168
1300
809
2445
2845
83
1301
370
2726
2171
2647
2047
3706
2920
833
1657
3945
4999
2159
4008
2715
2831
228
1470
2511
2709
1624
792
800
1310
1731
2093
412
2834
608
1321
345
204
434
687
319
221
2064
1878
1544
78
3945
2709
2171
2159
2002
228
370
2216
953
2726
2647
3706
882
2511
4008
411
2868
2715
1301
2047
540
679
1369
319
2445
1300
3581
800
951
1992
214
168
408
2102
1943
809
690
3645
5285
2834
228
2511
2920
833
2726
2216
1301
2831
411
1470
2709
882
2715
2047
2647
3706
746
4329
953
2868
725
690
1751
713
374
659
214
1310
540
434
792
1878
740
250
1544
3581
1992
2566
679
408
2159
1657
953
2047
2715
2920
1470
370
228
2171
2868
411
3945
2002
882
2511
4329
2216
3614
1301
214
168
792
340
408
679
2121
2067
809
1889
713
2566
2046
705
184
997
1641
130
78
614
2171
2511
370
746
2216
882
2726
953
4008
3945
228
2831
1657
1301
833
2647
2715
411
2868
2920
996
1368
345
614
2445
1450
1624
690
997
214
168
2834
1731
83
130
173
3581
2929
2885
2093
1657
882
2002
1470
2831
2047
833
3614
953
2171
2216
411
228
370
4329
2511
3706
4008
2920
2726
3645
1992
3656
83
2093
1310
687
725
610
792
408
434
2834
374
1300
1369
614
608
540
1321
1470
2159
4329
3945
746
228
2715
2002
953
4999
3706
4008
2831
44
2511
1657
2047
2920
2647
411
78
725
2929
2093
1943
1300
2445
800
1369
1776
614
5285
2885
1889
937
680
1310
374
2046
1450
1301
2171
882
2159
1470
2831
2047
4008
3614
2002
3945
2647
2715
370
44
1657
2868
2216
411
3706
1751
1544
1368
2416
184
173
1321
221
1731
83
434
997
800
408
2566
2834
374
679
1889
740
1301
4999
2868
2726
833
2047
2831
953
2171
1470
1657
411
2159
746
2511
370
2715
2002
4008
2920
614
1878
1731
3656
84
78
168
233
2416
625
996
2046
250
434
1751
1310
319
705
173
412
228
2171
2159
2868
1470
3614
746
2047
833
882
2709
2002
2715
44
370
1657
2726
1301
2920
411
725
221
3645
740
2046
83
345
679
1450
1731
705
1641
1544
204
2834
1943
130
5285
937
233
2715
2159
4999
2511
4008
1470
2216
44
3614
3945
1657
2726
882
228
2171
953
2868
4329
2047
411
1300
1992
1878
412
2067
340
2416
374
800
1369
1310
1751
608
184
2445
1776
2566
2845
3656
78
4008
2868
2726
953
3614
2216
2709
1301
2511
2647
228
2831
2920
3706
746
2047
44
833
2715
4329
5285
679
740
1321
2121
3645
2416
78
2102
2046
1234
83
2929
800
680
1310
1369
1943
1624
792
3945
833
882
2715
1470
44
3614
2511
1301
2047
2868
746
2002
953
228
2159
4008
2726
2831
370
2067
1776
2566
996
408
3645
679
680
3581
610
173
233
84
184
800
1889
1369
997
2445
250
1657
2171
953
2920
3614
2002
2715
2709
4008
2647
2216
4329
370
2831
411
2159
4999
833
2047
882
2067
792
1310
184
1878
2064
625
1943
1321
2834
1751
408
800
434
1300
78
2093
2416
988
659
953
3614
833
2920
4008
4999
3945
228
4329
2511
746
411
2726
2159
2868
2709
2647
882
2831
2216
540
78
809
2046
1992
412
713
1450
690
614
1310
1889
659
625
2566
1731
2416
84
2067
1751
2920
2868
1657
370
2726
4329
746
3945
411
2647
2709
2002
2171
1470
4999
2159
2047
3706
833
1301
412
1300
996
725
2067
1624
625
690
1321
214
740
2416
2885
1450
1731
84
2102
250
5285
184
2715
3614
2511
746
2002
833
3706
4999
2171
1470
1301
2159
411
3945
2216
2920
2709
1657
2726
370
412
2416
408
1776
319
2093
988
2064
1300
2046
345
168
214
1943
1368
250
1450
340
130
1731
2647
370
953
2047
2715
2002
2159
2726
4008
2920
1301
44
2171
746
1657
3706
2216
882
2511
228
3581
690
1300
2445
705
1943
2064
1450
2093
214
792
625
809
1544
3656
408
713
2885
2845
687
3945
228
4329
746
2216
2920
2647
1657
833
2002
2171
3706
1470
2726
2159
882
4999
1301
2831
370
2834
608
84
1878
809
1641
687
625
725
250
705
1992
233
412
680
3656
1751
2885
2121
221
746
882
3614
3945
833
4999
2647
2920
953
411
1470
2047
1657
3706
1301
2715
2171
2726
2002
4329
1300
2445
3645
1943
2566
2067
1321
2046
740
1544
951
2416
680
687
374
1369
1368
690
997
345
1657
3614
2216
2002
2726
2709
4008
2047
2171
3706
2868
4329
882
3945
44
4999
411
833
953
746
78
1878
1731
809
1544
679
2121
1368
2885
84
1321
3656
2416
1300
792
608
690
1369
680
221
2868
4999
2920
2511
4008
3614
1301
2002
2171
4329
953
2709
370
746
2647
2831
882
228
2159
1470
2064
1450
792
83
412
221
713
345
1310
740
2067
130
659
2929
1300
84
78
540
2046
434
833
1657
953
3614
2715
228
3945
2647
2159
1301
2171
3706
2726
4329
2709
4999
746
882
44
4008
997
625
1943
2093
214
1641
1731
1450
3656
2064
1369
2845
1368
2566
1878
434
614
792
988
1624
2709
2647
2868
2726
746
2159
2216
2047
4008
882
1301
2002
4329
3706
833
2511
2831
2715
44
1470
214
1369
679
996
184
84
680
1878
1624
2885
5285
1751
1310
725
809
1368
345
690
792
659
2047
2715
1301
4999
2647
2171
370
228
2831
411
2159
833
44
2216
2709
882
2726
2511
3706
2002
2885
680
1300
3656
792
83
951
1992
2093
434
540
2929
1943
608
3581
800
2046
3645
705
2566
44
4999
1657
2047
2647
2726
4008
882
228
2002
370
2709
3706
2868
1470
833
2511
2159
746
2216
608
214
130
625
250
1234
3656
2102
204
951
1751
319
705
345
1369
1992
2046
173
233
679
1657
882
2709
370
2868
2216
953
1470
2171
2002
411
44
1301
4008
746
2047
2726
2715
228
2831
214
997
184
687
1450
800
988
83
84
2102
221
659
625
1889
130
3656
679
2566
173
2845
2715
4999
3706
746
1301
882
44
833
2726
2709
3945
2868
4008
4329
2831
370
2920
1657
228
2002
2121
1641
679
2566
659
1544
214
1300
705
687
740
221
610
680
233
374
173
1731
168
1450
1470
44
882
2709
2159
370
2868
2831
2511
3614
2047
746
953
2216
4329
833
3945
2726
228
2715
2929
988
997
250
1731
2445
1889
2064
2102
2121
2416
680
2093
319
221
1624
614
725
951
1310
3706
2047
2726
882
370
833
2511
2868
4008
44
4999
1470
4329
2216
2715
2159
3614
746
2171
3945
614
2445
1776
3656
173
3581
705
2102
996
168
2416
540
1450
184
687
2845
2046
1234
625
221
3945
2511
4329
2868
953
1657
228
2002
44
4008
3614
411
1301
2709
2715
2726
2216
370
882
2647
800
996
540
1889
3581
250
2121
1751
434
84
690
3656
2929
659
1992
130
997
221
1369
214
4329
882
4008
3945
228
746
953
411
1470
4999
2047
2216
833
1657
370
2868
3706
1301
2831
2171
1368
705
2064
1321
3656
2929
173
1889
996
2845
184
2885
1776
800
988
608
937
1544
1943
3645
746
4329
1301
3614
2171
833
370
3945
2715
1470
2002
2831
1657
2047
4999
2159
2709
2511
228
2216
319
3656
2102
374
250
740
679
1368
540
204
83
1641
78
2067
184
690
340
996
2845
614
2715
2511
3706
746
44
2868
4008
1657
1301
2159
833
4999
953
1470
2831
370
2726
2047
411
4329
2845
705
2929
937
625
1368
221
1751
996
988
1878
800
792
2067
809
680
540
83
2093
173
2216
2647
3945
833
1470
953
2715
3614
2726
2709
882
411
4008
2047
2831
1301
2511
4999
370
746
1889
319
2046
625
233
690
997
214
659
937
1234
1450
84
792
130
800
1943
1624
345
83
882
3614
2047
2726
2709
228
2647
2831
2511
1301
44
833
2002
953
4008
4329
4999
3706
411
2216
2064
130
2093
1450
1544
83
659
168
1369
408
184
173
988
1731
233
713
800
680
221
740
953
3945
2831
2709
44
370
2002
228
2715
1657
4999
882
1470
2159
2920
2868
4008
2647
1301
746
1544
1889
1300
713
412
2046
168
951
1641
250
2102
2093
1943
2416
3656
988
740
2566
1624
78
1657
3706
228
370
2647
4329
2171
1301
4008
3945
746
833
2709
2726
1470
2868
2159
2920
882
4999
173
2046
1369
713
221
800
1321
5285
996
2416
792
740
2834
1234
3581
214
540
434
250
1992
3614
833
2868
2647
3706
370
411
882
2726
1657
953
2831
4008
4329
2920
746
1301
2511
1470
2171
1943
1889
250
2121
1450
608
130
937
1776
1234
680
2416
2102
2046
319
679
2929
3656
221
540
882
370
1470
2831
3614
4008
3945
746
2171
2715
2002
953
2216
1657
2868
3706
833
4999
2047
2647