49
59
57
148
135
10
107
77
91
145
49
59
57
148
135
10
107
77
91
145
49
59
57
148
135
10
107
77
91
145
49
59
57
148
135
10
107
77
91
145
49
59
57
148
135
10
107
77
91
145
49
59
57
148
135
10
107
77
91
145
49
59
57
148
135
10
107
77
91
145
49
59
57
148
135
10
107
77
91
145
49
59
57
148
135
10
107
77
91
145
49
59
57
148
135
10
107
77
91
145
49
59
57
148
135
10
107
77
91
145
49
59
57
148
135
10
107
77
91
145
49
59
57
148
135
10
107
77
91
145
49
59
57
148
135
10
107
77
91
145
49
59
57
148
135
10
107
77
91
145
49
59
57
148
135
10
107
77
91
145
49
59
57
148
135
10
107
77
91
145
49
59
57
148
135
10
107
77
91
145
49
59
57
148
135
10
107
77
91
145
49
59
57
148
135
10
107
77
91
145
49
59
57
148
135
10
107
77
91
145
49
59
57
148
135
10
107
77
91
145
49
59
57
148
135
10
107
77
91
145
49
59
57
148
135
10
107
77
91
145
49
59
57
148
135
10
107
77
91
145
49
59
57
148
135
10
107
77
91
145
49
59
57
148
135
10
107
77
91
145
49
59
57
148
135
10
107
77
91
145
49
59
57
148
135
10
107
77
91
145
49
59
57
148
135
10
107
77
91
145
49
59
57
148
135
10
107
77
91
145
49
59
57
148
135
10
107
77
91
145
49
59
57
148
135
10
107
77
91
145
49
59
57
148
135
10
107
77
91
145
49
59
57
148
135
10
107
77
91
145
49
59
57
148
135
10
107
77
91
145
49
59
57
148
135
10
107
77
91
145
49
59
57
148
135
10
107
77
91
145
49
59
57
148
135
10
107
77
91
145
49
59
57
148
135
10
107
77
91
145
49
59
57
148
135
10
107
77
91
145
49
59
57
148
135
10
107
77
91
145
49
59
57
148
135
10
107
77
91
145
49
59
57
148
135
10
107
77
91
145
49
59
57
148
135
10
107
77
91
145
49
59
57
148
135
10
107
77
91
145
49
59
57
148
135
10
107
77
91
145
49
59
57
148
135
10
107
77
91
145
49
59
57
148
135
10
107
77
91
145
49
59
57
148
135
10
107
77
91
145