215
91
58
27
9
62
37
73
143
1
215
91
58
27
9
62
37
73
143
1
215
91
58
27
9
62
37
73
143
1
215
91
58
27
9
62
37
73
143
1
215
91
58
27
9
62
37
73
143
1
215
91
58
27
9
62
37
73
143
1
215
91
58
27
9
62
37
73
143
1
215
91
58
27
9
62
37
73
143
1
215
91
58
27
9
62
37
73
143
1
215
91
58
27
9
62
37
73
143
1
215
91
58
27
9
62
37
73
143
1
215
91
58
27
9
62
37
73
143
1
215
91
58
27
9
62
37
73
143
1
215
91
58
27
9
62
37
73
143
1
215
91
58
27
9
62
37
73
143
1
215
91
58
27
9
62
37
73
143
1
215
91
58
27
9
62
37
73
143
1
215
91
58
27
9
62
37
73
143
1
215
91
58
27
9
62
37
73
143
1
215
91
58
27
9
62
37
73
143
1
215
91
58
27
9
62
37
73
143
1
215
91
58
27
9
62
37
73
143
1
215
91
58
27
9
62
37
73
143
1
215
91
58
27
9
62
37
73
143
1
215
91
58
27
9
62
37
73
143
1
215
91
58
27
9
62
37
73
143
1
215
91
58
27
9
62
37
73
143
1
215
91
58
27
9
62
37
73
143
1
215
91
58
27
9
62
37
73
143
1
215
91
58
27
9
62
37
73
143
1
215
91
58
27
9
62
37
73
143
1
215
91
58
27
9
62
37
73
143
1
215
91
58
27
9
62
37
73
143
1
215
91
58
27
9
62
37
73
143
1
215
91
58
27
9
62
37
73
143
1
215
91
58
27
9
62
37
73
143
1
215
91
58
27
9
62
37
73
143
1
215
91
58
27
9
62
37
73
143
1
215
91
58
27
9
62
37
73
143
1
215
91
58
27
9
62
37
73
143
1
215
91
58
27
9
62
37
73
143
1
215
91
58
27
9
62
37
73
143
1
215
91
58
27
9
62
37
73
143
1
215
91
58
27
9
62
37
73
143
1
215
91
58
27
9
62
37
73
143
1
215
91
58
27
9
62
37
73
143
1
215
91
58
27
9
62
37
73
143
1
215
91
58
27
9
62
37
73
143
1
215
91
58
27
9
62
37
73
143
1
215
91
58
27
9
62
37
73
143
1