31
6
12
21
3
51
6
2
26
3
6
23
12
21
51
23
3
12
26
22
3
12
31
26
21
32
22
6
21
51
23
51
32
21
3
31
51
22
26
2
2
22
31
21
3
23
51
3
26
21
3
22
2
26
51
32
6
3
26
1
2
22
3
26
32
22
51
23
26
21
22
1
31
26
2
51
3
1
26
21
6
12
23
26
22
2
3
31
26
51
2
1
31
21
51
12
1
31
26
22
2
23
1
21
3
12
23
1
21
31
12
31
23
26
3
32
2
1
26
23
6
32
31
21
1
12
22
23
21
31
3
32
6
21
2
2
3
51
21
23
51
2
32
21
26
22
32
2
21
12
32
2
31
21
51
23
3
31
21
6
12
2
22
26
51
51
2
23
21
31
6
12
51
21
3
3
2
1
26
32
3
31
2
21
22
1
32
23
21
3
22
6
32
21
3
2
23
6
21
1
51
31
3
21
23
23
1
51
26
32
51
22
31
21
26
12
6
22
26
32
1
51
32
21
12
23
12
2
26
32
6
12
22
26
23
32
12
2
26
3
12
6
22
21
23
12
23
51
26
31