2
32
1
26
31
3
6
32
26
51
12
1
51
21
6
1
31
51
26
32
23
3
1
26
51
22
6
32
26
21
1
32
6
26
23
31
3
23
21
32
3
6
12
21
51
2
1
51
21
32
3
32
12
26
2
32
2
3
21
23
23
22
3
26
31
51
31
6
26
1
51
3
1
26
23
23
2
22
21
3
3
32
51
26
23
2
32
31
26
1
3
1
51
26
31
51
2
12
26
31
1
6
22
26
31
1
2
6
21
26
22
3
23
21
6
22
3
1
26
23
6
32
1
26
22
22
31
3
21
1
3
12
51
26
6
6
32
22
21
51
22
1
23
26
2
6
31
12
26
32
3
6
1
26
51
6
3
2
26
22
51
3
2
26
22
6
32
23
26
2
12
6
3
26
21
31
23
12
26
1
3
22
23
21
32
3
32
6
26
22
32
12
6
26
31
6
32
51
21
22
51
23
6
21
22
51
22
1
21
31
12
6
3
21
31
6
12
22
26
3
12
2
31
21
1
12
1
6
26
23
2
12
22
26
23
2
51
1
21
3
6
2
31
26
51
12
22
3
21
31