22
23
26
21
1
51
22
26
21
12
1
23
26
21
31
1
22
26
21
23
23
3
26
21
22
1
22
26
21
12
1
2
26
21
12
2
22
26
21
23
22
23
26
21
31
23
31
26
21
32
31
12
26
21
3
6
32
26
21
1
6
31
26
21
22
12
2
26
21
3
1
51
26
21
32
2
3
26
21
22
2
12
26
21
1
2
51
26
21
6
51
2
26
21
23
1
22
26
21
2
6
32
26
21
12
32
12
26
21
6
51
3
26
21
23
23
22
26
21
2
31
32
26
21
2
51
1
26
21
23
51
1
26
21
23
12
32
26
21
3
12
1
26
21
31
22
6
26
21
12
3
32
26
21
1
32
22
26
21
6
3
23
26
21
31
3
6
26
21
1
6
2
26
21
1
51
6
26
21
3
1
6
26
21
12
2
23
26
21
12
1
23
26
21
32
2
51
26
21
3
3
23
26
21
12
12
22
26
21
1
6
1
26
21
12
6
23
26
21
51
31
32
26
21
6
2
32
26
21
31
6
31
26
21
22
22
31
26
21
32
6
32
26
21
1
12
51
26
21
6