122
103
66
106
92
60
123
159
17
71
62
27
30
128
92
65
82
151
174
17
122
82
92
123
60
30
18
71
151
113
44
128
30
123
106
65
92
151
71
113
62
29
103
106
27
66
60
71
159
2
82
53
103
106
44
66
9
2
151
71
44
123
66
103
30
27
128
159
17
2
65
122
30
7
103
53
66
151
113
71
106
82
65
27
103
66
9
159
17
113
9
53
65
60
30
7
18
159
17
174
106
62
30
9
53
122
66
113
17
151
62
27
60
106
29
128
44
151
17
2
82
62
18
53
7
128
66
17
71
159
44
30
53
29
122
18
66
2
159
71
62
7
82
122
9
103
66
151
174
71
53
128
122
44
62
66
65
17
151
174
44
65
122
128
82
60
92
159
113
17
62
128
60
66
7
65
53
17
151
71
106
7
29
44
66
128
27
151
2
174
103
122
123
9
30
18
60
174
2
71
92
66
82
29
18
27
30
71
113
159
18
92
66
53
103
29
44
113
151
159
82
92
27
53
18
62
123
17
71
174
9
65
66
44
122
106
92
159
174
17
29
18
123
53
82
44
60
71
151
159
7
106
65
29
62
60
18
159
71
17
7
53
106
103
60
27
44
71
159
17
60
92
82
18
128
27
65
71
151
17
29
103
62
7
82
128
53
17
2
174
27
30
65
62
103
44
53
151
2
159
29
106
122
30
66
7
123
113
151
17
9
123
82
30
103
128
65
151
17
113
53
82
18
27
30
92
9
71
159
174
65
9
44
82
60
123
128
71
174
2
62
92
128
82
66
7
30
17
2
71
123
82
7
128
44
66
92
151
2
71
106
27
122
123
9
29
53
2
159
17
106
29
122
9
44
128
30
71
159
174
29
7
27
9
60
44
128
2
174
17
103
122
65
30
66
9
29
151
71
17
92
103
27
62
82
53
29
174
113
151
29
18
60
9
44
103
82
159
151
113
30
7
62
65
60
123
122
151
71
17
44
27
60
29
18
53
82
113
17
2
65
60
53
122
106
62
27
71
2
151
128
44
123
92
62
7
82
174
159
71
27
66
53
92
128
44
106
113
174
2
103
123
106
29
65
92
62
113
174
2
123
9
122
18
82
53
27
174
17
113
62
44
9
27
30
60
65
2
174
151