3
164
189
165
147
87
93
80
76
108
93
165
189
101
164
9
130
153
50
80
101
93
147
9
189
3
165
102
52
153
87
189
93
9
130
6
3
77
8
50
3
189
164
93
9
176
6
47
5
102
6
9
164
130
183
93
87
80
5
77
87
176
93
189
101
9
183
52
50
153
189
130
3
165
93
9
87
52
80
83
6
101
164
165
147
79
183
208
8
5
3
183
101
176
165
93
164
227
47
77
176
3
6
189
147
130
164
76
102
5
147
130
165
93
6
3
164
108
77
80
6
93
9
3
79
87
101
22
80
208
87
3
93
176
6
165
101
77
50
15
183
9
130
101
189
87
6
50
47
153
9
6
79
101
189
164
176
102
80
86
176
164
9
130
6
87
165
208
108
80
79
6
189
3
183
130
147
5
77
11
101
183
87
164
176
6
9
108
86
8
165
6
164
9
147
79
130
15
12
102
87
6
3
183
101
130
79
22
47
208
130
189
176
87
164
93
9
5
11
15
147
101
189
164
130
79
9
102
86
15
87
93
189
164
130
101
3
12
5
22
79
6
176
9
3
93
87
227
86
92
3
189
93
183
101
6
79
227
11
102
183
3
189
101
79
130
165
83
108
153
6
165
9
130
176
147
189
8
50
77
183
147
3
164
176
130
6
153
208
80
6
87
79
164
93
3
130
47
76
153
87
6
164
9
93
147
176
11
80
86
130
93
183
87
189
165
3
92
8
12
165
87
93
176
147
189
6
47
8
227
101
183
130
9
93
6
189
76
153
11
101
147
93
3
6
9
189
11
102
208
9
6
93
164
147
176
165
83
92
12
147
87
165
176
93
189
3
102
227
52
93
164
183
9
6
79
3
76
108
50
101
93
87
164
6
176
3
11
47
8
130
165
183
164
6
101
189
47
11
86
176
87
164
3
9
147
79
80
50
8
79
164
9
147
183
6
176
227
80
22
79
87
189
183
130
147
101
108
86
22
9
87
189
6
183
93
176
15
80
5
147
176
3
183
165
6
9
208
227
11
189
147
101
87
6
165
176
92
153
50
3
101
147
176
87
9
189
92
52
83
130
176
3
183
9
189
79
208
11
153
6
87
101
165
183
79
130
102
208
8
6
147
79
130
176
165
3
208
8
92