12
1
23
154
147
19
142
75
15
21
12
23
13
119
4
1
75
142
21
15
57
16
119
101
13
147
142
21
118
15
16
67
147
23
19
12
21
118
142
75
4
154
12
147
1
13
15
118
142
21
16
57
123
154
1
19
75
118
15
142
1
154
12
4
16
147
15
193
142
75
57
154
147
12
1
23
15
193
118
142
1
4
12
101
154
123
21
15
193
118
23
147
123
119
19
12
142
193
15
75
16
1
4
123
147
19
75
118
21
142
4
123
67
101
13
12
75
15
142
21
12
147
57
19
13
16
193
21
118
75
13
12
57
123
1
16
193
118
21
15
154
1
123
4
101
147
15
21
75
118
123
23
101
19
67
147
15
142
75
118
147
123
1
101
19
67
118
142
15
21
119
123
12
13
23
1
193
15
75
142
101
123
13
57
23
154
15
142
118
21
154
19
16
119
4
13
118
75
193
21
147
23
19
1
13
119
193
118
142
15
1
123
16
57
19
23
193
118
75
21
19
67
154
12
16
101
15
193
75
118
154
4
67
119
1
147
118
193
15
21
13
57
19
123
16
23
21
75
15
118
101
23
119
19
67
16
142
75
21
15
23
154
119
16
147
67
21
75
142
15
12
154
123
57
23
147
142
118
15
193
19
67
57
101
123
119
75
15
118
142
16
119
4
23
12
123
75
118
142
15
23
101
154
1
13
12
142
21
75
15
19
123
23
13
57
101
142
118
15
21
13
67
119
101
12
19
75
15
118
21
67
16
1
13
12
23
75
118
142
193
23
16
4
13
1
57
142
75
15
193
23
1
101
123
119
57
75
193
15
21
57
119
123
13
154
4
193
75
21
142
13
23
16
123
119
57
75
193
142
118
19
13
23
154
1
101
21
118
15
142
1
147
12
67
101
4
142
118
15
193
57
19
12
23
4
119
21
75
15
193
67
57
1
119
23
4
21
118
193
15
12
57
147
16
1
67
21
75
193
118
13
19
16
12
119
4
75
15
118
142
13
23
147
19
101
154
142
193
118
15
13
19
57
12
23
101
142
75
118
15
67
147
154
101
19
1
142
193
118
75
101
23
123
13
119
19
118
142
15
75
101
1
13
19
67
123
118
142
21
193
13
67
4
154
57
19
193
118
75
21