124
289
116
54
53
486
267
3
189
383
301
54
331
117
116
189
288
383
486
267
398
291
124
119
14
3
189
383
288
486
14
398
53
124
117
486
288
383
267
189
117
19
124
149
55
3
288
267
189
486
116
398
19
8
301
3
267
383
288
189
55
54
115
289
190
486
288
189
3
383
124
115
55
331
190
288
486
267
189
3
55
124
8
9
50
3
267
288
383
486
131
19
331
117
124
486
383
267
288
3
149
301
50
116
53
383
267
3
486
288
119
9
331
116
50
383
3
288
189
486
53
14
55
116
124
288
486
3
189
267
131
149
119
53
117
383
189
486
3
288
8
53
115
9
50
288
383
486
3
267
117
289
54
119
398
189
486
383
288
3
398
54
117
149
301
3
288
267
189
486
14
131
53
119
190
288
3
486
383
189
149
8
50
9
124
486
267
383
3
288
291
14
131
398
124
383
3
267
486
288
54
398
115
119
53
267
288
486
189
383
53
301
50
55
398
288
3
189
486
383
291
117
50
9
149
383
288
189
486
267
14
116
19
9
289
383
189
288
3
267
8
131
124
190
50
3
189
383
486
288
54
149
124
119
55
383
288
3
189
486
291
149
14
116
54
267
383
288
3
486
124
19
190
117
14
383
288
486
189
3
131
54
14
291
398
3
267
383
189
288
117
119
9
19
331
267
383
486
3
288
9
19
116
53
14
3
486
267
189
383
190
291
119
301
398
288
3
267
486
189
301
331
14
291
19
288
267
383
3
486
19
190
50
54
119
288
486
189
267
383
53
9
55
14
54
383
189
288
486
3
19
14
291
301
398
3
486
267
383
189
398
117
124
14
190
383
3
486
267
288
190
291
50
149
54
3
267
189
486
383
116
117
291
331
55
3
267
486
288
383
398
124
117
14
50
189
383
267
3
486
289
115
398
301
131
267
288
486
3
189
8
55
131
331
54
3
288
383
189
486
331
55
14
54
149
383
267
486
288
3
14
301
149
117
131
383
189
288
3
486
50
9
14
398
55
288
3
486
267
383
291
131
19
8
289
189
3
383
267
486
54
117
190
119
331
3
486
189
288
383
54
115
8
50
116
267
189
3
288
486
54
55
53
9
19
267
383
3
189
486
190
119
54
116
398
267
383
3
486
288