71
602
63
59
251
161
80
152
571
224
145
222
179
442
606
160
937
139
79
214
322
59
144
222
138
478
760
161
152
571
63
316
450
489
524
58
79
176
606
267
144
59
322
173
138
71
63
152
135
161
222
145
139
937
489
689
160
267
146
450
316
478
224
251
222
63
80
138
1
602
162
571
160
689
179
450
267
524
645
489
602
571
71
173
478
80
63
138
66
161
308
311
179
606
58
489
450
160
146
442
224
138
71
161
308
1
602
135
563
63
145
316
442
179
49
176
606
489
79
146
251
152
602
563
166
135
316
222
138
80
59
63
160
645
267
689
214
79
179
814
251
222
563
314
135
571
478
224
59
162
311
173
160
179
645
176
937
79
689
267
311
222
173
80
144
602
322
478
138
166
161
162
937
214
146
606
489
79
267
160
311
314
80
602
222
135
224
308
138
145
152
316
814
442
489
179
79
146
267
214
71
145
224
59
1
571
602
144
316
173
135
314
160
139
450
689
442
214
58
645
144
563
251
222
478
760
1
602
161
173
166
311
79
214
524
937
179
160
814
49
66
1
166
144
135
162
161
571
224
145
138
152
176
937
645
442
689
58
606
179
144
135
314
1
571
224
222
166
478
316
162
760
58
179
606
160
645
524
450
79
760
322
138
63
144
602
571
563
161
71
311
162
176
442
645
814
160
606
267
450
322
308
222
66
224
1
63
135
138
311
144
173
442
645
489
49
139
524
179
606
308
316
311
161
478
322
222
152
571
166
63
66
489
160
179
214
606
79
689
450
162
308
161
478
602
152
66
138
311
563
145
144
814
176
49
524
160
937
442
58
602
161
760
311
314
152
173
308
478
571
80
138
442
160
179
450
214
79
267
689
314
224
152
571
478
161
63
316
162
760
145
80
814
489
214
442
146
139
689
450
251
311
161
224
571
138
308
59
152
71
173
563
214
79
146
49
139
489
606
58
161
308
144
59
166
66
251
222
80
760
162
135
489
937
49
450
176
524
814
442
1
563
571
602
222
162
71
224
251
63
316
144
214
179
489
267
450
160
606
79
59
314
251
571
478
152
602
322
563
71
173
138
489
937
689
645
606
267
139
442
145
308
314
138
563
1
161
135
224
251
316
71
489
49
79
58
442
176
606
450
563
251
311
145
166
144
571
66
161
63
135
478
645
179
267
450
139
176
606
49
162
311
66
308
138
1
145
63
316
222
478
251
606
450
489
814
214
689
267
160
63
478
571
71
322
314
563
316
251
166
135
224
524
814
489
267
146
179
58
79
80
1
224
59
322
314
308
63
144
71
161
135
139
689
606
214
146
489
79
160
71
166
145
563
161
173
602
314
308
135
1
311
146
49
689
139
489
79
524
58
314
162
322
1
145
173
563
135
316
71
311
222
814
450
489
58
689
645
49
176
311
222
145
135
162
152
563
760
571
478
80
1
450
606
160
79
146
176
179
524
63
71
66
760
145
316
311
135
80
162
173
224
814
937
645
489
176
606
58
267
162
322
563
66
251
152
478
63
222
135
71
308
79
49
442
267
606
450
214
689
152
322
173
314
311
316
571
1
71
138
135
478
146
442
58
49
689
176
267
139
152
66
308
760
563
59
311
314
138
602
222
224
139
176
214
79
442
58
689
814
314
173
222
308
162
571
760
138
166
602
563
161
645
442
937
524
49
58
689
79
478
135
1
322
311
760
59
162
571
222
138
251
79
524
606
267
689
49
58
450
571
135
145
161
71
162
1
66
59
138
166
144
160
146
267
79
49
606
489
179
63
222
173
308
316
162
311
135
161
166
59
1
524
814
689
645
79
489
49
442
152
166
322
135
145
563
1
161
760
59
311
138
214
814
267
139
450
160
606
645
66
135
152
224
760
308
602
161
1
251
571
316
160
176
79
58
146
450
139
267
602
563
1
71
173
308
59
135
145
251
63
314
58
937
689
146
176
606
524
160
1
478
760
144
162
222
571
59
308
602
224
314
176
937
450
58
214
179
606
160
63
71
602
316
222
144
59
173
80
314
166
311
176
442
489
214
450
524
139
814
760
152
135
563
316
80
251
602
63
571
162
308
814
160
139
450
176
489
645
442
563
173
71
152
144
311
316
162
166
145
571
135
58
606
214
689
937
645
176
160
66
80
311
162
224
322
166
760
602
135
138
71
160
645
176
524
214
937
79
267
66
161
314
144
152
316
173
138
80
224
59
602
937
176
58
442
214
606
79
49
71
478
135
224
563
311
602
760
1
144
80
173
49
58
267
214
606
79
524
814