256
166
358
386
601
549
410
184
78
489
923
602
236
264
486
138
85
494
116
801
392
156
594
1438
319
256
255
7
254
1615
318
280
120
9
719
602
392
801
494
923
85
556
116
267
2205
555
263
156
1438
138
447
549
119
254
14
545
358
12
364
255
923
319
267
556
116
263
85
1071
236
264
887
555
602
589
392
705
388
627
9
81
496
280
410
7
230
555
85
236
267
602
2205
1438
923
156
589
594
263
392
138
319
184
230
545
7
496
14
261
280
119
386
116
887
801
602
923
556
267
1438
264
138
236
156
795
555
2205
719
806
1171
886
1615
388
166
601
704
6
801
1438
264
138
795
594
556
1071
602
555
268
85
589
392
236
6
455
546
260
627
364
256
705
261
326
801
1071
85
594
156
556
263
494
486
268
887
138
236
392
589
7
640
386
455
168
886
326
627
256
410
594
268
589
138
923
319
555
494
264
263
1071
556
887
602
486
120
886
489
386
318
640
447
1721
184
410
801
887
2205
589
795
1438
236
267
923
494
263
555
264
268
602
806
455
640
719
496
364
230
489
704
6
138
2205
1071
264
555
236
268
887
156
923
801
594
494
267
602
166
496
261
119
640
9
704
549
1171
719
236
2205
801
1438
392
555
602
887
923
1071
319
494
589
156
263
447
6
496
14
489
719
260
184
886
7
85
319
138
156
494
594
556
801
923
2205
486
392
887
264
602
168
447
705
166
12
260
601
410
255
640
494
795
1438
138
264
486
116
555
236
594
263
319
801
556
923
410
12
119
280
601
627
166
6
388
496
1071
319
116
589
156
555
85
138
795
1438
923
267
264
556
486
256
447
806
601
260
1721
545
326
386
719
392
263
594
116
887
1071
1438
319
923
556
267
602
494
264
589
12
254
455
546
447
640
280
230
618
496
801
116
494
923
267
264
602
594
1071
556
392
1438
319
555
2205
601
1615
364
410
447
254
618
358
1171
886
85
494
555
267
795
2205
602
156
263
923
264
801
1438
236
116
120
168
318
705
546
455
254
255
6
489
85
602
923
116
594
887
486
494
263
801
2205
236
138
556
1071
78
546
12
489
705
254
81
7
256
9
85
263
556
1438
116
795
236
156
602
589
138
319
392
268
486
455
7
78
230
627
618
184
9
640
256
795
116
589
887
801
156
264
486
923
1071
268
602
494
555
2205
1615
640
256
1721
719
489
6
410
1171
886
263
267
236
594
2205
494
486
85
1071
319
268
138
392
589
116
166
496
601
254
9
489
410
1171
388
6
801
795
486
589
602
392
1071
85
264
923
556
236
263
319
555
280
166
261
168
7
14
627
386
447
601
555
264
602
85
556
1438
801
156
795
2205
589
236
267
116
392
14
886
496
447
806
489
261
705
704
549
319
1438
268
138
85
264
486
594
801
392
494
556
887
923
555
255
318
166
549
1171
119
601
640
705
455
556
156
319
494
267
589
116
85
795
268
236
594
1071
2205
1438
388
601
1171
886
447
358
326
78
640
627
801
2205
923
319
268
594
116
264
392
1438
795
556
494
156
602
358
326
119
230
184
12
81
6
410
1615
486
2205
555
138
264
923
556
1071
795
494
85
594
319
236
116
260
168
388
1615
9
184
358
627
255
14
494
923
236
263
594
319
1071
264
555
486
392
268
602
801
267
489
496
601
545
640
549
12
261
168
1721
156
602
263
923
494
267
486
2205
795
319
556
887
392
589
801
546
78
14
496
1721
230
388
545
9
81
156
555
392
494
923
319
887
602
1071
486
589
795
236
264
2205
12
230
14
704
184
326
7
120
546
627
236
556
138
264
555
589
263
267
2205
801
594
1071
116
494
795
549
168
256
496
489
627
358
318
410
119
795
594
555
138
319
589
801
268
486
236
85
2205
267
264
156
545
388
447
1721
410
14
1171
254
364
120
555
1438
486
236
602
589
392
116
138
594
263
923
1071
156
319
1615
318
119
78
601
549
410
618
886
9
138
236
116
594
264
923
494
1071
486
887
263
267
268
319
801
388
81
260
78
326
364
1171
410
627
806
268
486
589
555
236
923
1071
263
1438
264
267
2205
138
887
494
447
364
254
386
119
455
120
318
719
546
801
923
138
602
556
156
486
589
555
887
116
1071
795
236
267
364
704
260
230
410
618
7
719
1171
9
236
887
923
1438
263
268
795
319
267
486
602
138
494
589
264
546
364
1615
255
120
358
496
640
489
166
1438
923
392
2205
602
589
795
555
594
116
264
319
801
85
138
255
358
318
618
6
256
410
705
14
184
236
555
267
602
1438
594
268
589
923
486
1071
138
156
556
887
455
705
358
806
168
280
326
886
546
7
156
319
263
267
486
795
594
2205
264
494
268
116
589
556
602
806
261
9
640
1615
489
318
1171
410
388
556
267
156
319
555
264
138
923
602
589
1071
801
116
268
85
388
1721
261
184
166
256
119
358
326
260
486
887
138
236
555
263
556
801
2205
795
267
116
594
494
268
640
230
618
455
719
256
545
7
705
166
594
319
801
923
1438
116
267
263
156
392
138
486
556
236
494
358
78
119
886
1615
386
705
256
618
318
486
602
138
2205
267
555
392
156
263
236
264
1071
594
556
85
166
255
6
119
260
886
618
254
806
358
85
268
602
116
555
392
795
156
236
923
494
1071
264
594
267
601
255
9
230
168
719
549
489
358
1171
392
1071
594
494
589
2205
319
264
116
556
795
555
486
602
236
260
256
886
410
230
388
806
6
119
9
795
392
268
264
116
138
267
594
801
156
236
602
486
319
2205
410
806
627
388
545
255
326
261
230
14
319
2205
589
85
887
267
1438
138
263
268
923
494
801
236
392
410
1721
358
12
120
14
386
704
806
254
801
887
1438
555
2205
1071
236
589
556
319
156
594
268
263
494
704
806
447
168
1615
1171
364
627
12
318
264
887
268
486
2205
156
556
594
319
263
589
1438
1071
795
236