923
295
1983
1467
334
1188
940
2032
1885
1088
236
819
3169
257
1987
496
1223
212
505
1239
2138
485
211
515
1986
2007
2092
2251
2023
40
6087
901
707
1157
7266
8271
2246
2951
6171
476
1228
1994
1239
1987
2741
211
2138
509
2882
819
257
334
235
521
1097
994
295
485
2012
505
1088
1925
3169
496
6277
4222
349
630
2023
4818
2215
1007
7266
1101
2617
3812
1961
2007
2251
1998
257
1097
1987
994
485
334
236
266
2012
827
504
521
1045
2032
2138
2741
218
923
1188
1228
245
1506
940
1467
4478
1649
5123
498
707
992
2215
40
1961
2014
4145
2951
3681
6171
1011
2131
1370
1994
2741
1228
940
505
1223
2032
2012
994
827
236
923
3169
509
2138
257
212
1885
1997
218
485
1983
1188
2023
2014
2247
691
2041
1658
4085
4177
3766
1030
933
40
1157
239
2263
806
827
218
505
1045
1997
334
245
2741
1223
485
923
515
2882
1506
1097
1925
1088
235
496
1228
1370
295
257
509
1030
763
4085
2131
2007
630
992
4117
476
1649
4222
349
3681
2215
2508
1562
2032
504
940
218
1228
266
1097
819
496
485
1239
827
505
1997
334
2882
1045
235
1467
1655
236
2012
1188
1994
1612
4085
4478
2246
806
1275
4117
6123
1157
476
8271
1562
239
4818
2007
2023
334
505
211
1239
1228
1655
509
1045
2032
257
515
236
521
1370
3169
496
1188
1997
2882
2138
819
2012
1088
235
4145
6123
992
3766
630
2951
2014
4177
1986
1649
2246
2247
964
806
3681
498
1467
2012
819
295
212
218
1188
334
505
1097
235
1045
211
2032
1994
940
1885
1088
1239
1506
245
485
827
1370
5253
2251
6087
233
964
6171
630
1011
781
1986
4085
5679
2041
2215
3748
806
2741
1223
1983
1088
923
257
827
1655
1097
504
334
1997
218
2012
521
1239
1925
994
235
1467
1987
3169
819
2032
1030
2041
992
1562
4085
2216
6087
5679
1980
1961
3681
4177
2247
2263
2215
349
1223
236
235
505
211
2138
2741
1370
496
515
3169
1987
2882
245
1885
509
1045
923
1239
1506
334
218
1925
1097
239
2263
2092
5123
630
1980
781
6087
1961
691
2215
763
4478
2251
933
2023
218
2012
521
1655
1097
485
1223
235
1997
819
515
2882
334
1370
1467
1045
2032
1188
266
1925
940
257
509
212
4222
1007
781
901
4117
6087
4145
2508
4177
5123
1011
476
1974
2251
5679
2092
1987
236
521
2138
1370
1239
295
235
2012
940
218
2032
257
496
1097
1506
509
1467
1885
1997
923
1223
504
3169
901
1007
2131
1974
2014
40
5253
2007
964
4145
2348
6171
1562
2215
233
1612
1239
236
1045
521
923
1188
1994
2741
1925
819
295
1885
994
212
515
245
1997
266
1223
2032
1987
1983
1370
505
1974
806
1157
1562
1649
2263
2508
4177
6171
1612
4222
6087
1030
2215
964
3748
1925
2138
1467
212
1088
940
2741
2032
1370
236
211
235
1885
819
334
1987
245
266
994
1655
218
295
827
1239
707
992
1562
1998
1658
1007
3812
5679
3748
40
2617
233
1980
2131
4222
1961
827
235
1228
1987
994
236
334
1239
218
1885
1045
496
1655
1097
485
212
2138
819
1370
1188
245
1467
505
940
2041
2007
2251
933
3766
2263
4478
4145
6123
6171
1101
5679
7266
2023
1961
2246
212
1885
1223
994
509
1997
521
827
1045
257
1925
2032
485
245
505
1088
1987
266
1188
515
236
940
2741
295
992
4117
781
1998
8271
476
964
4222
2247
3681
4478
806
2023
1275
2251
1986
1228
1467
2138
266
295
505
2012
2882
1506
2032
236
1994
1655
1097
940
827
1370
485
257
509
211
1983
1987
994
707
2348
1030
3681
2131
3812
4117
1101
6123
992
5253
349
2215
781
498
2617
1370
1467
212
1045
1223
940
994
2032
1987
1885
1088
1097
2138
235
257
236
1228
1655
521
485
1506
2882
295
819
1998
40
2215
2092
2348
8271
1275
5253
3812
964
6277
763
2617
3766
4818
630
1885
1506
3169
1239
2882
940
245
1088
1223
2741
1188
211
334
505
923
1997
212
266
819
1925
485
218
1097
235
3748
781
498
2014
4177
3812
2951
1649
2348
2263
2508
1986
2617
2247
2131
1275
1987
819
1088
509
1370
1506
1228
334
496
218
521
1925
505
1239
1097
485
2741
515
923
2032
235
1994
266
1223
498
2014
3766
2041
2951
40
2263
1649
8271
7266
2216
5679
1658
2215
1974
476
334
245
496
1983
819
266
1467
1925
1655
827
2012
1997
923
1097
2882
1088
1885
295
1370
235
1994
1228
940
236
4478
3681
2007
5253
901
4222
630
2247
3748
2131
2617
2092
1011
4818
8271
2263
266
994
1228
2741
212
295
235
211
218
236
509
2882
1088
485
2012
819
515
1655
245
1370
504
1997
2138
1983
1275
4117
3681
40
4177
1961
6171
2263
2216
4478
1007
763
1562
2131
1157
964
1188
334
1097
2741
211
1885
1925
266
1239
496
485
3169
1506
505
2882
1228
218
1655
994
504
1223
1088
819
515
630
3681
781
4085
5123
8271
806
992
6087
6123
1011
40
2014
964
2617
476
2741
1987
1097
212
1370
2012
1045
211
1223
1885
3169
1239
2882
994
1228
827
509
1983
496
505
295
485
819
1188
4177
992
1986
1658
349
763
5253
3681
3748
6277
781
2951
1030
2348
8271
6123
827
1655
3169
1987
1228
1223
211
1925
1997
521
509
1188
515
212
218
1983
1506
1239
1088
2032
295
496
1467
266
2014
4478
349
1101
6087
901
1998
1980
3812
992
1649
2131
3748
2263
239
4177
1994
515
1925
334
1370
496
218
1097
2741
509
505
1506
2882
236
827
1223
994
521
1239
940
266
1045
1228
1655
1030
7266
2263
233
901
3681
1998
40
781
2023
1101
1961
1658
239
630
763
1370
2138
2012
994
1188
2882
2741
521
515
1088
1228
334
1239
1987
1925
1045
819
212
485
235
295
266
923
496
992
1562
2348
1157
2617
1986
1030
806
1101
1275
1649
691
2014
476
4145
3812
257
212
1045
521
1997
211
3169
266
485
334
1239
819
1994
940
1228
1655
994
218
235
245
515
1223
2741
1370
2216
4222
4117
1007
498
1562
7266
2131
3812
1612
5679
2617
5123
6123
2246
4177
334
923
1370
235
1997
1987
2741
1188
257
1983
236
218
2012
940
245
1994
1088
1045
819
1467
2138
509
266
504
40
1612
806
4085
3766
2023
964
630
2617
6123
2508
763
2215
233
8271
6277
1370
295
1885
2741
2032
218
819
3169
1983
827
994
1997
1506
257
2138
1088
1188
1994
2012
521
245
2882
266
1987
5123
498
1275
1101
5253
630
4085
239
1612
2508
476
691
1649
964
4177
2131
235
504
2138
1467
1655
2032
521
1925
940
2741
485
509
923
334
257
505
1983
2882
1223
2012
211
295
1045
1370
4478
964
707
5253
6277
4818
6123
5679
7266
1986
6171
992
2508
3748
3812
1011
236
1239
1467
1987
496
1088
940
819
521
504
1097
1983
994
1045
923
2882
334
1228
505
485
266
3169
218
1370
2246
6087
1974
4478
239
40
1658
233
2247
964
4117
4222
349
8271
2092
3681
212
1239
1655
827
236
245
485
235
1925
1987
505
2741
295
334
1188
1370
515
504
496
509
940
2032
1097
2882
4818
5123
349
6123
5253
1986
933
707
1612
1974
964
2041
2007
5679
40
2131
1188
1239
485
505
1370
496
2882
521
819
235
504
940
334
2032
1994
2012
245
1097
257
515
236
266
1655
1223
806
6171
992
2131
2263
2247
1011
1961
781
476
6087
1030
2092
707
239
1562
257
266
1370
1239
923
2741
245
1228
236
1997
2012
1188
521
505
1467
515
2032
235
819
1506
1045
1925
1987
218
1101
6277
2951
5253
964
4085
1562
2263
1157
40
691
630
4117
2041
1658
1974
211
2138
2012
1994
1506
236
1239
819
940
515
923
521
505
245
1925
257
1885
334
1223
1228
496
218
1045
1987
1986
781
707
992
2951
2247
1157
901
806
2023
691
3812
2007
1974
4177
5679
923
505
1994
1223
994
1987
2032
1467
1655
485
1097
1370
515
827
1045
940
212
295
2882
521
257
1885
509
2012
1986
3748
5123
992
2216
1275
1157
7266
2617
233
6123
2131
2348
806
2508
4117
1188
257
1925
218
2741
1467
994
509
940
923
1228
827
2032
2012
1088
1370
504
236
235
1655
1994
2882
1223
211
239
2348
40
3748
1157
1658
5253
691
1974
1612
4818
1986
2251
2041
2263
349
2741
1983
1885
1223
1188
266
3169
505
1045
1994
1655
515
2012
257
1228
1506
245
496
819
521
236
509
1370
923
691
4085
2263
2508
1101
233
1011
6277
1961
2215
5253
7266
2131
2247
1612
8271
211
505
521
1997
257
235
923
1506
994
295
1655
1097
509
1239
3169
485
236
334
1925
2012
2741
212
2032
1885
763
1986
2215
1030
2216
4117
2014
476
2007
1612
933
1101
1157
691
1998
2951
1925
940
1045
334
218
1987
505
1088
266
1239
485
212
2032
1655
994
235
236
923
819
2138
1188
295
1097
1994
1101
2247
901
476
5123
4085
1974
3812
239
2215
4177
2348
2251
992
4145
40
2138
2012
819
1188
1097
504
1983
1370
509
3169
1655
1997
1088
212
485
2882
2032
1239
940
827
1987
496
1994
245
806
2092
5253
6277
1011
4177
1974
2216
7266
2246
2263
2014
498
4478
40
4818
1045
827
940
1994
266
521
1370
496
1925
1506
1239
1655
509
2012
923
819
295
245
1987
218
2138
1997
515
1983
806
5123
2092
4818
6277
7266
2263
40
476
1612
1974
1157
3681
1275
763
233
1228
236
1097
923
1239
485
235
1987
3169
1655
211
212
257
504
2138
940
1370
2032
1994
2741
1885
1506
827
266
2007
2215
3812
4478
1980
1011
7266
3748
1961
5253
2041
3681
2216
630
239
933
1467
3169
496
2741
1088
505
257
1655
218
1925
1097
1370
504
266
2882
923
236
827
515
509
1188
1239
940
2032
806
1612
763
1157
4145
630
4818
1980
8271
781
239
3812
964
1030
2023
6087
1885
1188
1045
819
504
994
1239
1994
1925
505
3169
2741
940
1097
496
485
2012
521
1655
1088
266
1467
334
509
2014
2007
40
5679
476
901
5123
1980
3812
2041
7266
4222
763
691
781
239
819
1994
295
1467
1088
515
1228
1223
940
1885
504
509
485
212
1925
2032
1987
2012
521
2741
266
827
3169
994
2247
5679
1961
4085
4177
1986
992
763
2092
781
4145
1011
6123
4222
3748
964
1045
509
994
1467
1088
1097
2741
505
1885
2032
2012
1228
236
515
827
211
1239
295
257
212
1997
819
485
3169
763
1649
630
2263
6087
239
964
1658
4177
2216
2023
781
476
2617
691
2348
1223
819
334
2138
1997
235
1925
504
1655
236
1239
1467
485
2012
1088
515
496
2741
1987
1188
1983
923
1885
266
901
4145
2215
6123
964
4085
2131
763
1612
4177
2508
2216
239
2348
5253
2007
1370
515
1655
521
994
1925
1885
266
3169
505
485
1223
1983
1994
1188
1088
1228
1467
218
212
236
940
1097
1239
1011
2263
2247
2215
40
2617
498
5679
1961
763
1157
1649
6171
1986
7266
2508