215
91
58
27
9
62
37
73
143
1
60
234
104
97
223
215
91
58
27
9
62
37
73
143
1
60
234
104
97
223
215
91
58
27
9
62
37
73
143
1
60
234
104
97
223
215
91
58
27
9
62
37
73
143
1
60
234
104
97
223
215
91
58
27
9
62
37
73
143
1
60
234
104
97
223
215
91
58
27
9
62
37
73
143
1
60
234
104
97
223
215
91
58
27
9
62
37
73
143
1
60
234
104
97
223
215
91
58
27
9
62
37
73
143
1
60
234
104
97
223
215
91
58
27
9
62
37
73
143
1
60
234
104
97
223
215
91
58
27
9
62
37
73
143
1
60
234
104
97
223
215
91
58
27
9
62
37
73
143
1
60
234
104
97
223
215
91
58
27
9
62
37
73
143
1
60
234
104
97
223
215
91
58
27
9
62
37
73
143
1
60
234
104
97
223
215
91
58
27
9
62
37
73
143
1
60
234
104
97
223
215
91
58
27
9
62
37
73
143
1
60
234
104
97
223
215
91
58
27
9
62
37
73
143
1
60
234
104
97
223
215
91
58
27
9
62
37
73
143
1
60
234
104
97
223
215
91
58
27
9
62
37
73
143
1
60
234
104
97
223
215
91
58
27
9
62
37
73
143
1
60
234
104
97
223
215
91
58
27
9
62
37
73
143
1
60
234
104
97
223
215
91
58
27
9
62
37
73
143
1
60
234
104
97
223
215
91
58
27
9
62
37
73
143
1
60
234
104
97
223
215
91
58
27
9
62
37
73
143
1
60
234
104
97
223
215
91
58
27
9
62
37
73
143
1
60
234
104
97
223
215
91
58
27
9
62
37
73
143
1
60
234
104
97
223
215
91
58
27
9
62
37
73
143
1
60
234
104
97
223
215
91
58
27
9
62
37
73
143
1
60
234
104
97
223
215
91
58
27
9
62
37
73
143
1
60
234
104
97
223
215
91
58
27
9
62
37
73
143
1
60
234
104
97
223
215
91
58
27
9
62
37
73
143
1
60
234
104
97
223
215
91
58
27
9
62
37
73
143
1
60
234
104
97
223
215
91
58
27
9
62
37
73
143
1
60
234
104
97
223
215
91
58
27
9
62
37
73
143
1
60
234
104
97
223
215
91
58
27
9
62
37
73
143
1
60
234
104
97
223
215
91
58
27
9
62
37
73
143
1
60
234
104
97
223
215
91
58
27
9
62
37
73
143
1
60
234
104
97
223
215
91
58
27
9
62
37
73
143
1
60
234
104
97
223
215
91
58
27
9
62
37
73
143
1
60
234
104
97
223
215
91
58
27
9
62
37
73
143
1
60
234
104
97
223
215
91
58
27
9
62
37
73
143
1
60
234
104
97
223
215
91
58
27
9
62
37
73
143
1
60
234
104
97
223
215
91
58
27
9
62
37
73
143
1
60
234
104
97
223
215
91
58
27
9
62
37
73
143
1
60
234
104
97
223
215
91
58
27
9
62
37
73
143
1
60
234
104
97
223
215
91
58
27
9
62
37
73
143
1
60
234
104
97
223
215
91
58
27
9
62
37
73
143
1
60
234
104
97
223
215
91
58
27
9
62
37
73
143
1
60
234
104
97
223
215
91
58
27
9
62
37
73
143
1
60
234
104
97
223
215
91
58
27
9
62
37
73
143
1
60
234
104
97
223
215
91
58
27
9
62
37
73
143
1
60
234
104
97
223
